0488->atakaaaaaaaaaaaaaaaaaaaaaaaaaaaaaaaaaaaaaaaaaaaaaaaaaaaa
0001 2060 0523 0344 0699 0592 0524 2036 0501 0680 0325 0432 0500 0489 0556 0371 0535 0468 0653 0785 B aaaaaaaaaaaaaaaaaaaaaaaa
0002 2059 0523 0344 0699 0592 0524 2036 0501 0680 0325 0432 0500 0489 0556 0371 0535 0468 0653 0785 B aaaaaaaaaaaaaaaaaaaaaaaa
0003 2059 0523 0344 0699 0593 0524 2036 0501 0680 0325 0431 0500 0489 0556 0371 0535 0468 0653 0785 B aaaaaaaaaaaaaaaaaaaaaaaa
0004 2059 0523 0344 0700 0593 0524 2036 0501 0680 0324 0431 0500 0489 0556 0371 0535 0468 0653 0785 B aaaaaaaaaaaaaaaaaaaaaaaa
0005 2059 0523 0343 0700 0593 0524 2036 0501 0681 0324 0431 0500 0489 0556 0370 0535 0468 0653 0785 B aaaaaaaaaaaaaaaaaaaaaaaa
0006 2059 0523 0343 0701 0594 0524 2036 0501 0681 0323 0430 0500 0488 0556 0370 0536 0468 0654 0785 B aaaaaaaaaaaaaaaaaaaaaaaa
0007 2059 0523 0342 0702 0594 0524 2036 0501 0682 0322 0430 0500 0488 0556 0369 0536 0468 0654 0785 B aaaaaaaaaaaaaaaaaaaaaaaa
0008 2059 0523 0341 0704 0595 0524 2036 0501 0682 0320 0429 0500 0488 0556 0369 0536 0468 0655 0785 B aaaaaaaaaaaaaaaaaaaaaaaa
0009 2059 0523 0341 0705 0595 0524 2035 0501 0683 0319 0429 0500 0488 0556 0368 0536 0468 0655 0785 B aaaaaaaaaaaaaaaaaaaaaaaa
0010 2060 0523 0340 0707 0596 0524 2035 0501 0684 0317 0428 0500 0487 0556 0368 0537 0468 0656 0785 B aaaaaaaaaaaaaaaaaaaaaaaa
0011 2060 0523 0339 0709 0597 0524 2035 0501 0685 0316 0427 0500 0487 0556 0367 0537 0468 0657 0785 B aaaaaaaaaaaaaaaaaaaaaaaa
0012 2060 0523 0338 0711 0598 0524 2035 0501 0686 0314 0426 0500 0487 0556 0366 0537 0468 0657 0785 B aaaaaaaaaaaaaaaaaaaaaaaa
0013 2060 0523 0337 0713 0599 0524 2035 0501 0687 0311 0425 0500 0486 0556 0365 0538 0468 0658 0785 B aaaaaaaaaaaaaaaaaaaaaaaa
0014 2060 0523 0335 0715 0600 0524 2035 0501 0689 0309 0424 0500 0486 0556 0364 0538 0468 0659 0785 B aaaaaaaaaaaaaaaaaaaaaaaa
0015 2060 0523 0334 0717 0601 0524 2035 0501 0690 0307 0423 0500 0486 0557 0363 0539 0467 0660 0785 B aaaaaaaaaaaaaaaaaaaaaaaa
0016 2060 0523 0333 0720 0602 0524 2035 0501 0691 0304 0422 0500 0485 0557 0362 0539 0467 0661 0785 B aaaaaaaaaaaaaaaaaaaaaaaa
0017 2060 0524 0331 0723 0603 0524 2035 0501 0693 0302 0421 0500 0485 0557 0361 0539 0467 0662 0785 B aaaaaaaaaaaaaaaaaaaaaaaa
0018 2060 0524 0330 0725 0604 0524 2035 0501 0694 0299 0419 0500 0484 0557 0360 0540 0467 0664 0785 B aaaaaaaaaaaaaaaaaaaaaaaa
0019 2060 0524 0328 0728 0606 0524 2035 0501 0696 0296 0418 0500 0484 0557 0359 0540 0467 0665 0785 B aaaaaaaaaaaaaaaaaaaaaaaa
0020 2060 0524 0327 0730 0607 0524 2035 0501 0697 0294 0417 0500 0483 0557 0357 0541 0467 0666 0785 B aaaaaaaaaaaaaaaaaaaaaaaa
0021 2060 0524 0325 0733 0608 0524 2035 0501 0698 0291 0416 0500 0483 0557 0356 0541 0467 0667 0785 B aaaaaaaaaaaaaaaaaaaaaaaa
0022 2060 0524 0324 0736 0609 0524 2035 0501 0700 0289 0415 0500 0482 0557 0355 0542 0467 0668 0785 B aaaaaaaaaaaaaaaaaaaaaaaa
0023 2060 0524 0323 0738 0610 0524 2034 0501 0701 0286 0414 0500 0482 0557 0354 0542 0467 0669 0785 B aaaaaaaaaaaaaaaaaaaaaaaa
0024 2060 0524 0321 0741 0611 0524 2034 0501 0703 0283 0412 0500 0481 0557 0353 0543 0467 0670 0785 B aaaaaaaaaaaaaaaaaaaaaaaa
0025 2060 0524 0320 0743 0613 0524 2034 0500 0704 0281 0411 0500 0481 0558 0352 0543 0466 0671 0785 B aaaaaaaaaaaaaaaaaaaaaaaa
0026 2060 0524 0318 0746 0614 0524 2034 0500 0705 0279 0410 0500 0480 0558 0351 0544 0466 0672 0785 B aaaaaaaaaaaaaaaaaaaaaaaa
0027 2060 0524 0317 0748 0615 0524 2034 0500 0707 0276 0409 0500 0480 0558 0350 0544 0466 0673 0785 B aaaaaaaaaaaaaaaaaaaaaaaa
0028 2060 0524 0316 0750 0616 0525 2034 0500 0708 0274 0408 0499 0479 0558 0349 0545 0466 0674 0785 B aaaaaaaaaaaaaaaaaaaaaaaa
0029 2060 0524 0314 0753 0617 0525 2034 0500 0709 0271 0407 0499 0479 0558 0347 0545 0466 0675 0785 B aaaaaaaaaaaaaaaaaaaaaaaa
0030 2060 0524 0313 0755 0618 0525 2034 0500 0711 0269 0406 0499 0478 0558 0346 0546 0466 0676 0785 B aaaaaaaaaaaaaaaaaaaaaaaa
0031 2060 0524 0312 0758 0619 0525 2034 0500 0712 0267 0405 0499 0478 0558 0345 0546 0466 0677 0785 B aaaaaaaaaaaaaaaaaaaaaaaa
0032 2060 0524 0311 0760 0620 0525 2034 0500 0713 0264 0404 0499 0478 0558 0344 0547 0466 0678 0785 B aaaaaaaaaaaaaaaaaaaaaaaa
0033 2060 0525 0309 0762 0621 0525 2034 0500 0714 0262 0403 0499 0477 0558 0343 0547 0466 0679 0785 B aaaaaaaaaaaaaaaaaaaaaaaa
0034 2060 0525 0308 0765 0622 0525 2034 0500 0716 0260 0402 0499 0477 0558 0342 0548 0466 0680 0785 B aaaaaaaaaaaaaaaaaaaaaaaa
0035 2060 0525 0307 0767 0623 0525 2033 0500 0717 0257 0401 0499 0476 0559 0341 0548 0465 0681 0785 B aaaaaaaaaaaaaaaaaaaaaaaa
0036 2060 0525 0305 0769 0624 0525 2033 0500 0718 0255 0400 0499 0476 0559 0340 0549 0465 0682 0785 B aaaaaaaaaaaaaaaaaaaaaaaa
0037 2060 0525 0304 0771 0625 0525 2033 0500 0719 0253 0399 0499 0475 0559 0339 0549 0465 0683 0785 B aaaaaaaaaaaaaaaaaaaaaaaa
0038 2060 0525 0303 0774 0626 0525 2033 0500 0721 0251 0398 0499 0475 0559 0338 0549 0465 0684 0785 B aaaaaaaaaaaaaaaaaaaaaaaa
0039 2060 0525 0302 0776 0627 0525 2033 0500 0722 0248 0397 0499 0474 0559 0337 0550 0465 0685 0785 B aaaaaaaaaaaaaaaaaaaaaaaa
0040 2060 0525 0300 0778 0628 0525 2033 0500 0723 0246 0396 0499 0474 0559 0336 0550 0465 0686 0785 B aaaaaaaaaaaaaaaaaaaaaaaa
0041 2060 0525 0299 0780 0629 0525 2033 0500 0724 0244 0395 0499 0474 0559 0335 0551 0465 0687 0785 B aaaaaaaaaaaaaaaaaaaaaaaa
0042 2060 0525 0298 0782 0630 0525 2033 0500 0726 0242 0394 0499 0473 0559 0334 0551 0465 0688 0785 B aaaaaaaaaaaaaaaaaaaaaaaa
0043 2060 0525 0297 0784 0631 0525 2033 0500 0727 0240 0393 0499 0473 0559 0333 0552 0465 0689 0785 B aaaaaaaaaaaaaaaaaaaaaaaa
0044 2060 0525 0296 0787 0632 0526 2033 0500 0728 0238 0392 0499 0472 0560 0332 0552 0464 0690 0785 B aaaaaaaaaaaaaaaaaaaaaaaa
0045 2060 0525 0294 0789 0633 0526 2033 0500 0729 0236 0391 0499 0472 0560 0331 0553 0464 0691 0785 B aaaaaaaaaaaaaaaaaaaaaaaa
0046 2060 0525 0293 0791 0634 0526 2032 0500 0730 0233 0390 0498 0471 0560 0330 0553 0464 0692 0785 B aaaaaaaaaaaaaaaaaaaaaaaa
0047 2060 0526 0292 0793 0635 0526 2032 0500 0731 0231 0389 0498 0471 0560 0329 0553 0464 0693 0785 B aaaaaaaaaaaaaaaaaaaaaaaa
0048 2061 0526 0291 0795 0636 0526 2032 0500 0733 0229 0388 0498 0471 0560 0328 0554 0464 0694 0785 B aaaaaaaaaaaaaaaaaaaaaaaa
0049 2061 0526 0290 0797 0636 0526 2032 0499 0734 0227 0387 0498 0470 0560 0327 0554 0464 0695 0785 B aaaaaaaaaaaaaaaaaaaaaaaa
0050 2061 0526 0288 0799 0637 0526 2032 0499 0735 0225 0386 0498 0470 0560 0326 0555 0464 0696 0785 B aaaaaaaaaaaaaaaaaaaaaaaa
0051 2061 0526 0287 0801 0638 0526 2032 0499 0736 0223 0386 0498 0469 0560 0325 0555 0464 0697 0785 B aaaaaaaaaaaaaaaaaaaaaaaa
0052 2061 0526 0286 0803 0639 0526 2032 0499 0737 0221 0385 0498 0469 0560 0324 0556 0464 0698 0785 B aaaaaaaaaaaaaaaaaaaaaaaa
0053 2061 0526 0285 0805 0640 0526 2032 0499 0738 0219 0384 0498 0468 0561 0323 0556 0464 0698 0785 B aaaaaaaaaaaaaaaaaaaaaaaa
0054 2061 0526 0284 0807 0641 0526 2032 0499 0740 0217 0383 0498 0468 0561 0322 0556 0463 0699 0785 B aaaaaaaaaaaaaaaaaaaaaaaa
0055 2061 0526 0283 0809 0642 0526 2032 0499 0741 0215 0382 0498 0468 0561 0321 0557 0463 0700 0785 B aaaaaaaaaaaaaaaaaaaaaaaa
0056 2061 0526 0282 0811 0643 0526 2031 0499 0742 0213 0381 0498 0467 0561 0320 0557 0463 0701 0785 B aaaaaaaaaaaaaaaaaaaaaaaa
0057 2061 0526 0280 0813 0643 0526 2031 0499 0743 0211 0380 0498 0467 0561 0320 0558 0463 0702 0785 B aaaaaaaaaaaaaaaaaaaaaaaa
0058 2061 0526 0279 0815 0644 0527 2031 0499 0744 0209 0379 0498 0466 0561 0319 0558 0463 0703 0785 B aaaaaaaaaaaaaaaaaaaaaaaa
0059 2061 0527 0278 0817 0645 0527 2031 0499 0745 0207 0379 0498 0466 0561 0318 0559 0463 0704 0785 B aaaaaaaaaaaaaaaaaaaaaaaa
0060 2061 0527 0277 0819 0646 0527 2031 0499 0746 0205 0378 0498 0466 0561 0317 0559 0463 0705 0785 B aaaaaaaaaaaaaaaaaaaaaaaa
0061 2061 0527 0276 0821 0647 0527 2031 0499 0747 0203 0377 0498 0465 0562 0316 0559 0463 0706 0785 B aaaaaaaaaaaaaaaaaaaaaaaa
0062 2061 0527 0275 0823 0648 0527 2031 0499 0748 0201 0376 0497 0465 0562 0315 0560 0463 0706 0785 B aaaaaaaaaaaaaaaaaaaaaaaa
0063 2061 0527 0274 0825 0648 0527 2031 0499 0750 0199 0375 0497 0464 0562 0314 0560 0462 0707 0785 B aaaaaaaaaaaaaaaaaaaaaaaa
0064 2061 0527 0273 0827 0649 0527 2031 0499 0751 0197 0374 0497 0464 0562 0313 0561 0462 0708 0785 B aaaaaaaaaaaaaaaaaaaaaaaa
0065 2061 0527 0271 0829 0650 0527 2030 0499 0752 0195 0374 0497 0464 0562 0312 0561 0462 0709 0785 B aaaaaaaaaaaaaaaaaaaaaaaa
0066 2061 0527 0270 0831 0651 0527 2030 0499 0753 0194 0373 0497 0463 0562 0311 0561 0462 0710 0785 B aaaaaaaaaaaaaaaaaaaaaaaa
0067 2061 0527 0269 0832 0651 0527 2030 0499 0754 0192 0372 0497 0463 0562 0311 0562 0462 0711 0785 B aaaaaaaaaaaaaaaaaaaaaaaa
0068 2061 0527 0269 0834 0652 0527 2030 0499 0755 0191 0371 0497 0462 0562 0310 0562 0462 0711 0785 B aaaaaaaaaaaaaaaaaaaaaaaa
0069 2061 0527 0268 0835 0653 0527 2030 0498 0755 0189 0371 0497 0462 0562 0309 0562 0462 0712 0785 B aaaaaaaaaaaaaaaaaaaaaaaa
0070 2061 0527 0267 0837 0653 0527 2030 0498 0756 0188 0370 0497 0462 0563 0309 0563 0462 0713 0785 B aaaaaaaaaaaaaaaaaaaaaaaa
0071 2062 0527 0266 0838 0654 0527 2030 0498 0757 0187 0370 0497 0462 0563 0308 0563 0462 0713 0785 B aaaaaaaaaaaaaaaaaaaaaaaa
0072 2062 0528 0266 0839 0654 0528 2030 0498 0757 0186 0369 0497 0461 0563 0307 0563 0462 0714 0785 B aaaaaaaaaaaaaaaaaaaaaaaa
0073 2062 0528 0265 0840 0655 0528 2030 0498 0758 0185 0369 0497 0461 0563 0307 0563 0462 0714 0785 B aaaaaaaaaaaaaaaaaaaaaaaa
0074 2062 0528 0265 0841 0655 0528 2030 0498 0758 0184 0369 0497 0461 0563 0307 0564 0461 0714 0785 B aaaaaaaaaaaaaaaaaaaaaaaa
0075 2062 0528 0264 0841 0655 0528 2030 0498 0759 0183 0368 0497 0461 0563 0306 0564 0461 0715 0785 B aaaaaaaaaaaaaaaaaaaaaaaa
0076 2062 0528 0264 0842 0655 0528 2030 0498 0759 0183 0368 0497 0461 0563 0306 0564 0461 0715 0785 B aaaaaaaaaaaaaaaaaaaaaaaa
0077 2062 0528 0264 0842 0656 0528 2030 0498 0759 0182 0368 0497 0461 0563 0306 0564 0461 0715 0785 B aaaaaaaaaaaaaaaaaaaaaaaa
0078 2062 0528 0263 0843 0656 0528 2030 0498 0760 0182 0368 0497 0461 0563 0306 0564 0461 0715 0785 B aaaaaaaaaaaaaaaaaaaaaaaa
0079 2062 0528 0263 0843 0656 0528 2030 0498 0760 0182 0368 0497 0461 0563 0306 0564 0461 0715 0785 B aaaaaaaaaaaaaaaaaaaaaaaa
0080 2062 0528 0263 0843 0656 0528 2030 0498 0760 0181 0368 0497 0461 0563 0305 0564 0461 0715 0785 B aaaaaaaaaaaaaaaaaaaaaaaa
0081 2062 0528 0263 0843 0656 0528 2030 0498 0760 0181 0368 0497 0461 0563 0305 0564 0461 0716 0785 B aaaaaaaaaaaaaaaaaaaaaaaa
0082 2062 0528 0263 0843 0656 0528 2030 0498 0760 0181 0368 0497 0461 0563 0305 0564 0461 0716 0785 B aaaaaaaaaaaaaaaaaaaaaaaa
0083 2062 0528 0263 0843 0656 0528 2030 0498 0760 0181 0368 0497 0461 0563 0305 0564 0461 0716 0785 B aaaaaaaaaaaaaaaaaaaaaaaa
0084 2062 0528 0263 0843 0656 0528 2030 0498 0760 0181 0368 0497 0460 0563 0304 0564 0461 0717 0785 B aaaaaaaaaaaaaaaaaaaaaaaa
0085 2062 0528 0263 0843 0656 0528 2030 0498 0760 0181 0368 0497 0460 0563 0303 0564 0462 0718 0785 B aaaaaaaaaaaaaaaaaaaaaaaa
0086 2062 0528 0263 0843 0656 0528 2030 0498 0760 0181 0368 0497 0460 0563 0302 0564 0462 0719 0785 B aaaaaaaaaaaaaaaaaaaaaaaa
0087 2062 0528 0263 0843 0656 0528 2030 0498 0760 0181 0368 0497 0460 0562 0301 0564 0462 0720 0785 B aaaaaaaaaaaaaaaaaaaaaaaa
0088 2062 0528 0263 0843 0656 0528 2029 0498 0760 0181 0368 0497 0460 0562 0299 0564 0462 0722 0785 B aaaaaaaaaaaaaaaaaaaaaaaa
0089 2062 0528 0263 0843 0656 0528 2029 0498 0760 0181 0368 0497 0460 0562 0298 0564 0462 0723 0785 B aaaaaaaaaaaaaaaaaaaaaaaa
0090 2062 0528 0263 0843 0656 0528 2029 0498 0760 0181 0368 0497 0460 0562 0296 0564 0462 0725 0785 B aaaaaaaaaaaaaaaaaaaaaaaa
0091 2062 0528 0263 0843 0656 0528 2029 0498 0760 0181 0368 0497 0461 0562 0294 0564 0463 0727 0785 B aaaaaaaaaaaaaaaaaaaaaaaa
0092 2062 0528 0263 0843 0656 0528 2029 0498 0760 0181 0368 0497 0461 0561 0291 0564 0463 0729 0785 B aaaaaaaaaaaaaaaaaaaaaaaa
0093 2061 0528 0263 0843 0656 0528 2029 0498 0760 0181 0368 0497 0461 0561 0289 0564 0463 0732 0785 B aaaaaaaaaaaaaaaaaaaaaaaa
0094 2061 0528 0262 0843 0655 0528 2029 0498 0760 0181 0368 0497 0461 0561 0286 0564 0464 0734 0785 B aaaaaaaaaaaaaaaaaaaaaaaa
0095 2061 0528 0262 0843 0655 0528 2029 0499 0761 0181 0368 0497 0461 0560 0284 0564 0464 0737 0785 B aaaaaaaaaaaaaaaaaaaaaaaa
0096 2061 0528 0262 0844 0655 0528 2029 0499 0761 0181 0368 0497 0462 0560 0281 0563 0464 0740 0785 B aaaaaaaaaaaaaaaaaaaaaaaa
0097 2061 0528 0262 0844 0655 0528 2029 0499 0761 0181 0368 0497 0462 0559 0278 0563 0465 0742 0785 B aaaaaaaaaaaaaaaaaaaaaaaa
0098 2061 0528 0262 0844 0655 0528 2029 0499 0761 0181 0368 0497 0462 0559 0275 0563 0465 0745 0785 B aaaaaaaaaaaaaaaaaaaaaaaa
0099 2061 0528 0262 0844 0655 0528 2029 0499 0761 0181 0368 0497 0463 0558 0272 0562 0466 0748 0785 B aaaaaaaaaaaaaaaaaaaaaaaa
0100 2061 0528 0262 0844 0655 0528 2029 0499 0761 0181 0369 0497 0463 0558 0270 0562 0466 0751 0785 B aaaaaaaaaaaaaaaaaaaaaaaa
0101 2061 0528 0261 0844 0655 0528 2029 0499 0761 0181 0369 0497 0464 0557 0267 0561 0467 0753 0785 B aaaaaaaaaaaaaaaaaaaaaaaa
0102 2061 0528 0261 0844 0655 0528 2029 0499 0761 0181 0369 0497 0465 0557 0265 0560 0467 0756 0785 B aaaaaaaaaaaaaaaaaaaaaaaa
0103 2061 0528 0261 0844 0655 0528 2029 0499 0762 0181 0369 0497 0465 0556 0262 0560 0468 0758 0785 B aaaaaaaaaaaaaaaaaaaaaaaa
0104 2061 0529 0261 0844 0654 0528 2029 0499 0762 0181 0369 0497 0466 0555 0260 0559 0469 0760 0785 B aaaaaaaaaaaaaaaaaaaaaaaa
0105 2061 0529 0261 0844 0654 0528 2029 0499 0762 0181 0369 0497 0467 0555 0258 0558 0469 0763 0785 B aaaaaaaaaaaaaaaaaaaaaaaa
0106 2061 0529 0261 0844 0654 0528 2029 0499 0762 0181 0369 0497 0468 0554 0256 0557 0470 0765 0785 B aaaaaaaaaaaaaaaaaaaaaaaa
0107 2061 0529 0260 0844 0654 0528 2029 0499 0762 0181 0370 0497 0469 0553 0253 0556 0471 0767 0785 B aaaaaaaaaaaaaaaaaaaaaaaa
0108 2061 0529 0260 0844 0654 0528 2029 0499 0762 0181 0370 0497 0470 0553 0251 0556 0471 0769 0785 B aaaaaaaaaaaaaaaaaaaaaaaa
0109 2061 0529 0260 0844 0654 0528 2029 0499 0762 0181 0370 0497 0471 0552 0249 0555 0472 0771 0785 B aaaaaaaaaaaaaaaaaaaaaaaa
0110 2061 0529 0260 0844 0653 0528 2029 0499 0763 0181 0370 0497 0472 0551 0247 0553 0473 0773 0785 B aaaaaaaaaaaaaaaaaaaaaaaa
0111 2062 0529 0260 0844 0653 0528 2029 0499 0763 0181 0370 0497 0473 0550 0245 0552 0473 0775 0785 B aaaaaaaaaaaaaaaaaaaaaaaa
0112 2062 0529 0260 0844 0653 0528 2029 0499 0763 0181 0370 0497 0474 0550 0244 0551 0474 0777 0785 B aaaaaaaaaaaaaaaaaaaaaaaa
0113 2062 0529 0259 0844 0653 0528 2029 0499 0763 0181 0371 0497 0475 0549 0242 0550 0475 0778 0785 B aaaaaaaaaaaaaaaaaaaaaaaa
0114 2062 0529 0259 0844 0653 0528 2029 0499 0763 0181 0371 0497 0476 0548 0240 0549 0476 0780 0785 B aaaaaaaaaaaaaaaaaaaaaaaa
0115 2062 0529 0259 0844 0653 0528 2029 0499 0763 0181 0371 0497 0478 0547 0239 0548 0476 0782 0785 B aaaaaaaaaaaaaaaaaaaaaaaa
0116 2062 0529 0259 0844 0652 0528 2029 0499 0763 0181 0371 0497 0479 0546 0237 0546 0477 0783 0785 B aaaaaaaaaaaaaaaaaaaaaaaa
0117 2062 0529 0259 0844 0652 0528 2029 0499 0764 0181 0371 0497 0480 0545 0236 0545 0478 0785 0785 B aaaaaaaaaaaaaaaaaaaaaaaa
0118 2062 0529 0259 0844 0652 0528 2029 0499 0764 0181 0372 0497 0482 0544 0234 0544 0479 0786 0785 B aaaaaaaaaaaaaaaaaaaaaaaa
0119 2062 0529 0258 0844 0652 0528 2029 0499 0764 0181 0372 0497 0483 0544 0233 0542 0480 0788 0785 B aaaaaaaaaaaaaaaaaaaaaaaa
0120 2062 0529 0258 0844 0652 0528 2029 0499 0764 0181 0372 0497 0485 0543 0231 0541 0481 0789 0785 B aaaaaaaaaaaaaaaaaaaaaaaa
0121 2062 0529 0258 0844 0651 0528 2030 0499 0764 0182 0372 0497 0486 0542 0230 0539 0482 0790 0785 B aaaaaaaaaaaaaaaaaaaaaaaa
0122 2062 0529 0258 0844 0651 0528 2030 0499 0764 0182 0372 0497 0488 0541 0229 0538 0483 0791 0785 B aaaaaaaaaaaaaaaaaaaaaaaa
0123 2062 0529 0258 0844 0651 0528 2030 0499 0765 0182 0373 0497 0489 0540 0228 0536 0483 0793 0785 B aaaaaaaaaaaaaaaaaaaaaaaa
0124 2062 0529 0257 0844 0651 0528 2030 0499 0765 0182 0373 0497 0491 0539 0227 0534 0484 0794 0785 B aaaaaaaaaaaaaaaaaaaaaaaa
0125 2062 0529 0257 0844 0651 0528 2030 0499 0765 0182 0373 0497 0493 0538 0226 0533 0485 0795 0785 B aaaaaaaaaaaaaaaaaaaaaaaa
0126 2062 0529 0257 0844 0650 0528 2030 0499 0765 0182 0373 0497 0494 0537 0225 0531 0486 0796 0785 B aaaaaaaaaaaaaaaaaaaaaaaa
0127 2062 0529 0257 0844 0650 0528 2030 0500 0765 0182 0374 0497 0496 0536 0224 0529 0487 0797 0785 B aaaaaaaaaaaaaaaaaaaaaaaa
0128 2062 0529 0257 0843 0650 0528 2030 0500 0766 0182 0374 0497 0498 0535 0223 0528 0488 0797 0785 B aaaaaaaaaaaaaaaaaaaaaaaa
0129 2062 0529 0256 0843 0650 0528 2030 0500 0766 0182 0374 0497 0500 0534 0222 0526 0489 0798 0785 B aaaaaaaaaaaaaaaaaaaaaaaa
0130 2062 0529 0256 0843 0649 0528 2030 0500 0766 0182 0374 0497 0501 0533 0221 0524 0490 0799 0785 B aaaaaaaaaaaaaaaaaaaaaaaa
0131 2062 0529 0256 0843 0649 0528 2030 0500 0766 0182 0375 0497 0503 0532 0221 0522 0491 0800 0785 B aaaaaaaaaaaaaaaaaaaaaaaa
0132 2062 0529 0256 0843 0649 0528 2030 0500 0766 0182 0375 0497 0505 0531 0220 0520 0492 0800 0785 B aaaaaaaaaaaaaaaaaaaaaaaa
0133 2062 0529 0256 0843 0649 0528 2030 0500 0766 0182 0375 0497 0507 0529 0220 0518 0493 0801 0785 B aaaaaaaaaaaaaaaaaaaaaaaa
0134 2062 0529 0255 0843 0648 0528 2030 0500 0767 0182 0375 0497 0509 0528 0219 0516 0494 0801 0785 B aaaaaaaaaaaaaaaaaaaaaaaa
0135 2062 0529 0255 0843 0648 0528 2030 0500 0767 0182 0376 0497 0511 0527 0219 0515 0496 0802 0785 B aaaaaaaaaaaaaaaaaaaaaaaa
0136 2062 0529 0255 0843 0648 0528 2030 0500 0767 0182 0376 0497 0513 0526 0218 0513 0497 0802 0785 B aaaaaaaaaaaaaaaaaaaaaaaa
0137 2062 0529 0255 0843 0648 0528 2030 0500 0767 0182 0376 0497 0515 0525 0218 0510 0498 0803 0785 B aaaaaaaaaaaaaaaaaaaaaaaa
0138 2062 0529 0255 0843 0647 0528 2030 0500 0768 0182 0376 0497 0517 0524 0218 0508 0499 0803 0785 B aaaaaaaaaaaaaaaaaaaaaaaa
0139 2062 0529 0254 0843 0647 0528 2030 0500 0768 0182 0377 0497 0519 0523 0218 0506 0500 0803 0785 B aaaaaaaaaaaaaaaaaaaaaaaa
0140 2062 0529 0254 0843 0647 0528 2030 0500 0768 0182 0377 0497 0521 0522 0217 0504 0501 0803 0785 B aaaaaaaaaaaaaaaaaaaaaaaa
0141 2062 0530 0254 0843 0647 0528 2030 0500 0768 0182 0377 0497 0523 0520 0217 0502 0502 0803 0785 B aaaaaaaaaaaaaaaaaaaaaaaa
0142 2062 0530 0254 0843 0646 0528 2030 0500 0768 0182 0377 0497 0525 0519 0217 0500 0503 0803 0785 B aaaaaaaaaaaaaaaaaaaaaaaa
0143 2062 0530 0253 0843 0646 0528 2030 0500 0769 0182 0378 0497 0528 0518 0217 0498 0504 0803 0785 B aaaaaaaaaaaaaaaaaaaaaaaa
0144 2062 0530 0253 0843 0646 0528 2030 0500 0769 0183 0378 0497 0530 0517 0218 0496 0505 0803 0785 B aaaaaaaaaaaaaaaaaaaaaaaa
0145 2062 0530 0253 0843 0645 0528 2030 0500 0769 0183 0378 0497 0532 0516 0218 0493 0506 0803 0785 B aaaaaaaaaaaaaaaaaaaaaaaa
0146 2062 0530 0253 0843 0645 0528 2030 0500 0769 0183 0378 0497 0534 0515 0218 0491 0507 0803 0785 B aaaaaaaaaaaaaaaaaaaaaaaa
0147 2062 0530 0252 0843 0645 0528 2030 0500 0770 0183 0379 0497 0536 0514 0218 0489 0508 0803 0785 B aaaaaaaaaaaaaaaaaaaaaaaa
0148 2062 0530 0252 0843 0645 0528 2030 0500 0770 0183 0379 0497 0538 0513 0218 0487 0509 0803 0785 B aaaaaaaaaaaaaaaaaaaaaaaa
0149 2062 0530 0252 0843 0645 0528 2030 0500 0770 0183 0379 0497 0540 0512 0219 0486 0510 0802 0785 B aaaaaaaaaaaaaaaaaaaaaaaa
0150 2062 0530 0252 0843 0644 0528 2030 0500 0770 0183 0379 0497 0541 0511 0219 0484 0511 0802 0785 B aaaaaaaaaaaaaaaaaaaaaaaa
0151 2062 0530 0252 0843 0644 0528 2030 0500 0770 0183 0380 0497 0543 0511 0219 0483 0511 0802 0785 B aaaaaaaaaaaaaaaaaaaaaaaa
0152 2062 0530 0251 0843 0644 0528 2030 0500 0771 0183 0380 0497 0544 0510 0219 0481 0512 0802 0785 B aaaaaaaaaaaaaaaaaaaaaaaa
0153 2062 0530 0251 0843 0644 0528 2030 0500 0771 0183 0380 0497 0545 0509 0220 0480 0513 0801 0785 B aaaaaaaaaaaaaaaaaaaaaaaa
0154 2062 0530 0251 0843 0644 0528 2030 0500 0771 0183 0380 0497 0546 0509 0220 0479 0513 0801 0785 B aaaaaaaaaaaaaaaaaaaaaaaa
0155 2062 0530 0251 0843 0644 0528 2030 0500 0771 0183 0380 0497 0547 0508 0220 0478 0513 0801 0785 B aaaaaaaaaaaaaaaaaaaaaaaa
0156 2062 0530 0251 0843 0644 0528 2030 0500 0771 0183 0380 0497 0548 0508 0220 0478 0514 0801 0785 B aaaaaaaaaaaaaaaaaaaaaaaa
0157 2062 0530 0251 0843 0644 0528 2030 0500 0771 0183 0380 0497 0549 0508 0221 0477 0514 0801 0785 B aaaaaaaaaaaaaaaaaaaaaaaa
0158 2062 0530 0251 0843 0643 0528 2030 0500 0771 0183 0380 0497 0549 0508 0221 0477 0514 0801 0785 B aaaaaaaaaaaaaaaaaaaaaaaa
0159 2062 0530 0251 0843 0643 0528 2030 0500 0771 0183 0380 0497 0549 0507 0221 0476 0514 0800 0785 B aaaaaaaaaaaaaaaaaaaaaaaa
0160 2062 0530 0251 0843 0643 0528 2030 0500 0771 0183 0380 0497 0550 0507 0221 0476 0514 0800 0785 B aaaaaaaaaaaaaaaaaaaaaaaa
0161 2063 0530 0251 0843 0643 0528 2030 0500 0771 0183 0380 0497 0550 0507 0221 0476 0515 0800 0785 B aaaaaaaaaaaaaaaaaaaaaaaa
0162 2063 0530 0251 0843 0643 0528 2030 0500 0771 0183 0380 0497 0550 0507 0221 0476 0515 0800 0785 B aaaaaaaaaaaaaaaaaaaaaaaa
0163 2063 0530 0251 0843 0643 0528 2031 0500 0771 0183 0380 0497 0550 0507 0221 0476 0515 0800 0786 B aaaaaaaaaaaaaaaaaaaaaaaa
0164 2064 0530 0251 0843 0644 0528 2031 0500 0771 0183 0381 0497 0551 0507 0220 0477 0515 0801 0786 B aaaaaaaaaaaaaaaaaaaaaaaa
0165 2065 0530 0251 0843 0644 0528 2032 0500 0771 0183 0381 0497 0552 0506 0220 0477 0516 0801 0787 B aaaaaaaaaaaaaaaaaaaaaaaa
0166 2066 0530 0251 0844 0644 0528 2034 0500 0771 0183 0381 0497 0554 0505 0220 0478 0517 0801 0788 B aaaaaaaaaaaaaaaaaaaaaaaa
0167 2067 0530 0250 0844 0644 0528 2035 0501 0771 0183 0381 0497 0556 0504 0219 0479 0517 0801 0789 B aaaaaaaaaaaaaaaaaaaaaaaa
0168 2069 0531 0250 0844 0644 0529 2037 0501 0771 0183 0381 0497 0558 0504 0219 0480 0518 0801 0790 B aaaaaaaaaaaaaaaaaaaaaaaa
0169 2071 0531 0250 0845 0644 0529 2039 0501 0772 0184 0382 0497 0560 0502 0219 0481 0519 0800 0791 B aaaaaaaaaaaaaaaaaaaaaaaa
0170 2073 0532 0250 0845 0645 0529 2041 0502 0772 0184 0382 0497 0563 0501 0219 0482 0520 0800 0792 B aaaaaaaaaaaaaaaaaaaaaaaa
0171 2076 0532 0250 0845 0645 0529 2044 0502 0772 0184 0383 0497 0567 0500 0219 0484 0522 0800 0794 B aaaaaaaaaaaaaaaaaaaaaaaa
0172 2079 0533 0250 0846 0645 0529 2047 0503 0772 0185 0383 0498 0571 0499 0219 0485 0523 0800 0796 B aaaaaaaaaaaaaaaaaaaaaaaa
0173 2082 0534 0249 0847 0646 0529 2049 0504 0772 0185 0384 0498 0575 0498 0220 0487 0524 0799 0797 B aaaaaaaaaaaaaaaaaaaaaaaa
0174 2085 0534 0249 0847 0646 0529 2052 0504 0772 0186 0384 0498 0579 0497 0220 0488 0525 0799 0799 B aaaaaaaaaaaaaaaaaaaaaaaa
0175 2088 0535 0249 0848 0646 0530 2056 0505 0772 0186 0385 0498 0583 0496 0222 0490 0526 0798 0801 B aaaaaaaaaaaaaaaaaaaaaaaa
0176 2091 0536 0249 0849 0647 0530 2059 0506 0772 0187 0385 0498 0588 0495 0223 0491 0527 0798 0802 B aaaaaaaaaaaaaaaaaaaaaaaa
0177 2094 0537 0248 0849 0647 0530 2062 0507 0771 0187 0386 0498 0592 0494 0225 0493 0528 0797 0804 B aaaaaaaaaaaaaaaaaaaaaaaa
0178 2097 0538 0248 0850 0647 0530 2065 0508 0771 0188 0386 0498 0597 0494 0227 0494 0529 0796 0806 B aaaaaaaaaaaaaaaaaaaaaaaa
0179 2101 0539 0248 0851 0648 0531 2068 0508 0771 0188 0387 0499 0602 0493 0229 0495 0530 0795 0808 B aaaaaaaaaaaaaaaaaaaaaaaa
0180 2104 0540 0248 0851 0648 0531 2071 0509 0771 0189 0387 0499 0607 0493 0232 0496 0531 0794 0809 B aaaaaaaaaaaaaaaaaaaaaaaa
0181 2107 0540 0247 0852 0648 0531 2074 0510 0771 0189 0388 0499 0612 0493 0234 0498 0531 0793 0811 B aaaaaaaaaaaaaaaaaaaaaaaa
0182 2110 0541 0247 0852 0649 0531 2078 0511 0771 0189 0388 0499 0616 0493 0237 0499 0532 0792 0813 B aaaaaaaaaaaaaaaaaaaaaaaa
0183 2114 0542 0247 0853 0649 0531 2081 0511 0771 0190 0389 0499 0621 0494 0241 0500 0533 0791 0815 B aaaaaaaaaaaaaaaaaaaaaaaa
0184 2117 0543 0247 0854 0650 0532 2084 0512 0772 0190 0390 0499 0626 0494 0244 0501 0534 0790 0817 B aaaaaaaaaaaaaaaaaaaaaaaa
0185 2120 0543 0247 0854 0650 0532 2087 0512 0772 0191 0390 0499 0631 0495 0248 0501 0535 0789 0819 B aaaaaaaaaaaaaaaaaaaaaaaa
0186 2124 0544 0246 0855 0650 0532 2091 0513 0772 0191 0391 0499 0636 0496 0251 0502 0535 0788 0821 B aaaaaaaaaaaaaaaaaaaaaaaa
0187 2127 0544 0246 0856 0651 0532 2094 0513 0772 0191 0391 0499 0641 0497 0255 0503 0536 0787 0823 B aaaaaaaaaaaaaaaaaaaaaaaa
0188 2131 0545 0246 0856 0651 0532 2097 0514 0772 0192 0392 0500 0646 0498 0259 0504 0537 0785 0825 B aaaaaaaaaaaaaaaaaaaaaaaa
0189 2134 0545 0246 0857 0651 0532 2101 0514 0772 0192 0392 0500 0651 0500 0263 0504 0537 0784 0827 B aaaaaaaaaaaaaaaaaaaaaaaa
0190 2138 0546 0246 0857 0652 0533 2104 0514 0773 0192 0393 0500 0656 0502 0267 0504 0538 0783 0829 B aaaaaaaaaaaaaaaaaaaaaaaa
0191 2141 0546 0246 0858 0652 0533 2108 0514 0773 0192 0394 0499 0661 0504 0271 0505 0539 0781 0831 B aaaaaaaaaaaaaaaaaaaaaaaa
0192 2145 0546 0246 0858 0652 0533 2111 0514 0773 0193 0394 0499 0665 0506 0275 0505 0540 0780 0834 B aaaaaaaaaaaaaaaaaaaaaaaa
0193 2149 0546 0245 0859 0653 0533 2115 0514 0774 0193 0395 0499 0670 0508 0280 0505 0540 0779 0836 B aaaaaaaaaaaaaaaaaaaaaaaa
0194 2152 0546 0245 0859 0653 0533 2118 0514 0774 0193 0395 0499 0675 0510 0284 0505 0541 0777 0839 B aaaaaaaaaaaaaaaaaaaaaaaa
0195 2156 0546 0245 0860 0653 0533 2122 0514 0775 0193 0396 0499 0679 0513 0288 0505 0542 0776 0841 B aaaaaaaaaaaaaaaaaaaaaaaa
0196 2160 0546 0245 0860 0654 0533 2126 0514 0775 0193 0397 0499 0684 0516 0293 0505 0542 0775 0844 B aaaaaaaaaaaaaaaaaaaaaaaa
0197 2164 0546 0245 0860 0654 0533 2130 0513 0776 0193 0397 0499 0688 0519 0297 0505 0543 0773 0846 B aaaaaaaaaaaaaaaaaaaaaaaa
0198 2168 0545 0245 0861 0654 0533 2133 0513 0776 0193 0398 0499 0693 0522 0301 0505 0544 0772 0849 B aaaaaaaaaaaaaaaaaaaaaaaa
0199 2172 0545 0245 0861 0655 0532 2137 0512 0777 0194 0399 0498 0697 0525 0305 0504 0544 0771 0852 B aaaaaaaaaaaaaaaaaaaaaaaa
0200 2176 0544 0245 0862 0655 0532 2141 0512 0778 0194 0400 0498 0702 0529 0310 0504 0545 0769 0855 B aaaaaaaaaaaaaaaaaaaaaaaa
0201 2180 0544 0245 0862 0655 0532 2145 0511 0779 0194 0400 0498 0706 0533 0314 0503 0546 0768 0857 B aaaaaaaaaaaaaaaaaaaaaaaa
0202 2184 0543 0244 0862 0656 0532 2149 0510 0780 0194 0401 0497 0710 0536 0318 0503 0546 0767 0860 B aaaaaaaaaaaaaaaaaaaaaaaa
0203 2188 0542 0244 0862 0656 0532 2153 0509 0781 0194 0402 0497 0714 0540 0322 0502 0547 0765 0863 B aaaaaaaaaaaaaaaaaaaaaaaa
0204 2193 0541 0244 0863 0656 0531 2157 0508 0781 0194 0403 0497 0719 0544 0326 0501 0547 0764 0866 B aaaaaaaaaaaaaaaaaaaaaaaa
0205 2197 0540 0244 0863 0657 0531 2161 0507 0783 0194 0404 0496 0723 0549 0330 0500 0548 0763 0869 B aaaaaaaaaaaaaaaaaaaaaaaa
0206 2202 0539 0244 0863 0657 0531 2165 0506 0784 0194 0404 0496 0727 0553 0334 0499 0549 0761 0872 B aaaaaaaaaaaaaaaaaaaaaaaa
0207 2206 0538 0244 0863 0657 0531 2169 0505 0785 0194 0405 0495 0731 0557 0338 0498 0549 0760 0875 B aaaaaaaaaaaaaaaaaaaaaaaa
0208 2209 0537 0244 0864 0657 0530 2173 0504 0786 0194 0406 0495 0734 0561 0341 0497 0550 0759 0877 B aaaaaaaaaaaaaaaaaaaaaaaa
0209 2213 0537 0243 0864 0657 0530 2176 0503 0787 0194 0407 0494 0737 0564 0344 0496 0550 0758 0879 B aaaaaaaaaaaaaaaaaaaaaaaa
0210 2216 0536 0243 0864 0658 0530 2178 0502 0787 0194 0407 0494 0740 0567 0347 0495 0550 0757 0881 B aaaaaaaaaaaaaaaaaaaaaaaa
0211 2218 0535 0243 0864 0658 0530 2181 0501 0788 0194 0408 0494 0743 0570 0349 0495 0551 0756 0883 B aaaaaaaaaaaaaaaaaaaaaaaa
0212 2221 0534 0243 0864 0658 0530 2183 0500 0789 0194 0408 0493 0745 0572 0351 0494 0551 0755 0884 B aaaaaaaaaaaaaaaaaaaaaaaa
0213 2222 0534 0243 0864 0658 0529 2184 0500 0789 0194 0409 0493 0746 0574 0353 0493 0551 0755 0885 B aaaaaaaaaaaaaaaaaaaaaaaa
0214 2224 0534 0243 0864 0658 0529 2186 0499 0789 0194 0409 0493 0747 0575 0354 0493 0551 0754 0886 B aaaaaaaaaaaaaaaaaaaaaaaa
0215 2225 0533 0243 0864 0658 0529 2186 0499 0790 0194 0409 0493 0748 0576 0355 0493 0551 0754 0887 B aaaaaaaaaaaaaaaaaaaaaaaa
0216 2225 0533 0243 0864 0658 0529 2187 0499 0790 0194 0409 0493 0749 0576 0355 0493 0551 0754 0887 B aaaaaaaaaaaaaaaaaaaaaaaa
0217 2225 0534 0243 0864 0658 0529 2187 0499 0790 0194 0409 0493 0749 0576 0355 0493 0551 0754 0887 B aaaaaaaaaaaaaaaaaaaaaaaa
0218 2225 0534 0243 0864 0658 0529 2187 0499 0790 0194 0409 0493 0749 0576 0355 0493 0551 0754 0887 B aaaaaaaaaaaaaaaaaaaaaaaa
0219 2224 0534 0243 0864 0658 0529 2186 0499 0790 0194 0409 0493 0748 0576 0355 0493 0552 0754 0887 B aaaaaaaaaaaaaaaaaaaaaaaa
0220 2224 0534 0243 0864 0658 0529 2186 0500 0789 0194 0409 0493 0748 0575 0355 0493 0552 0754 0886 B aaaaaaaaaaaaaaaaaaaaaaaa
0221 2223 0534 0243 0864 0658 0530 2185 0500 0789 0194 0409 0493 0747 0574 0354 0493 0552 0754 0886 B aaaaaaaaaaaaaaaaaaaaaaaa
0222 2222 0535 0243 0864 0658 0530 2184 0501 0789 0194 0409 0494 0747 0573 0353 0494 0553 0755 0886 B aaaaaaaaaaaaaaaaaaaaaaaa
0223 2221 0535 0243 0864 0658 0530 2184 0501 0788 0194 0408 0494 0746 0572 0353 0494 0553 0755 0885 B aaaaaaaaaaaaaaaaaaaaaaaa
0224 2220 0536 0243 0865 0658 0530 2183 0502 0788 0194 0408 0494 0745 0571 0352 0495 0554 0756 0884 B aaaaaaaaaaaaaaaaaaaaaaaa
0225 2219 0537 0243 0865 0658 0530 2181 0503 0787 0194 0408 0494 0744 0569 0351 0495 0554 0757 0883 B aaaaaaaaaaaaaaaaaaaaaaaa
0226 2218 0538 0243 0865 0658 0531 2180 0503 0787 0194 0407 0495 0742 0567 0349 0496 0555 0758 0883 B aaaaaaaaaaaaaaaaaaaaaaaa
0227 2216 0538 0243 0865 0658 0531 2179 0504 0786 0194 0407 0495 0741 0565 0348 0496 0556 0759 0882 B aaaaaaaaaaaaaaaaaaaaaaaa
0228 2214 0539 0243 0865 0658 0531 2177 0505 0786 0194 0407 0495 0739 0563 0346 0497 0556 0760 0880 B aaaaaaaaaaaaaaaaaaaaaaaa
0229 2212 0540 0243 0865 0658 0531 2175 0506 0785 0194 0406 0496 0738 0560 0345 0497 0557 0761 0879 B aaaaaaaaaaaaaaaaaaaaaaaa
0230 2210 0541 0243 0865 0657 0532 2174 0507 0784 0195 0406 0496 0736 0558 0343 0498 0558 0762 0878 B aaaaaaaaaaaaaaaaaaaaaaaa
0231 2208 0542 0243 0865 0657 0532 2172 0508 0784 0195 0405 0496 0734 0555 0341 0498 0559 0763 0876 B aaaaaaaaaaaaaaaaaaaaaaaa
0232 2206 0543 0243 0865 0657 0532 2169 0509 0783 0195 0405 0497 0732 0552 0339 0499 0561 0764 0875 B aaaaaaaaaaaaaaaaaaaaaaaa
0233 2204 0544 0243 0865 0657 0533 2167 0511 0782 0195 0405 0497 0730 0549 0337 0500 0562 0766 0873 B aaaaaaaaaaaaaaaaaaaaaaaa
0234 2201 0546 0243 0865 0657 0533 2165 0512 0781 0195 0404 0498 0727 0546 0334 0500 0563 0767 0871 B aaaaaaaaaaaaaaaaaaaaaaaa
0235 2198 0547 0243 0865 0657 0534 2162 0513 0780 0195 0403 0498 0725 0542 0332 0501 0564 0768 0869 B aaaaaaaaaaaaaaaaaaaaaaaa
0236 2196 0548 0243 0865 0657 0534 2160 0514 0780 0195 0403 0499 0722 0539 0329 0501 0566 0770 0867 B aaaaaaaaaaaaaaaaaaaaaaaa
0237 2193 0549 0243 0865 0656 0534 2157 0515 0779 0195 0402 0499 0720 0535 0327 0501 0567 0771 0865 B aaaaaaaaaaaaaaaaaaaaaaaa
0238 2190 0550 0243 0865 0656 0535 2154 0517 0778 0195 0402 0500 0717 0531 0324 0502 0569 0773 0863 B aaaaaaaaaaaaaaaaaaaaaaaa
0239 2187 0551 0243 0865 0656 0535 2151 0518 0777 0195 0401 0500 0714 0527 0321 0502 0570 0775 0860 B aaaaaaaaaaaaaaaaaaaaaaaa
0240 2184 0552 0243 0865 0656 0536 2148 0519 0776 0195 0401 0500 0711 0523 0318 0502 0572 0776 0858 B aaaaaaaaaaaaaaaaaaaaaaaa
0241 2181 0553 0243 0865 0655 0536 2146 0520 0776 0195 0400 0501 0708 0519 0315 0502 0573 0778 0855 B aaaaaaaaaaaaaaaaaaaaaaaa
0242 2178 0554 0243 0865 0655 0536 2143 0521 0775 0195 0400 0501 0705 0515 0312 0501 0574 0779 0853 B aaaaaaaaaaaaaaaaaaaaaaaa
0243 2175 0555 0243 0865 0655 0537 2140 0522 0774 0195 0399 0502 0702 0511 0309 0501 0576 0780 0850 B aaaaaaaaaaaaaaaaaaaaaaaa
0244 2172 0556 0243 0864 0655 0537 2137 0523 0774 0195 0399 0502 0699 0507 0306 0500 0577 0782 0848 B aaaaaaaaaaaaaaaaaaaaaaaa
0245 2169 0557 0243 0864 0654 0537 2134 0523 0773 0195 0398 0502 0696 0503 0303 0500 0578 0783 0845 B aaaaaaaaaaaaaaaaaaaaaaaa
0246 2166 0557 0242 0864 0654 0537 2131 0524 0772 0195 0398 0503 0693 0499 0299 0499 0579 0785 0842 B aaaaaaaaaaaaaaaaaaaaaaaa
0247 2163 0558 0242 0864 0654 0538 2128 0525 0772 0195 0397 0503 0690 0496 0296 0498 0580 0786 0840 B aaaaaaaaaaaaaaaaaaaaaaaa
0248 2160 0559 0242 0864 0654 0538 2125 0525 0772 0195 0397 0503 0686 0492 0293 0497 0581 0787 0837 B aaaaaaaaaaaaaaaaaaaaaaaa
0249 2157 0559 0242 0864 0653 0538 2122 0526 0771 0195 0396 0503 0683 0488 0290 0496 0582 0788 0835 B aaaaaaaaaaaaaaaaaaaaaaaa
0250 2154 0559 0242 0863 0653 0538 2120 0526 0771 0195 0396 0503 0680 0485 0287 0495 0583 0790 0832 B aaaaaaaaaaaaaaaaaaaaaaaa
0251 2151 0560 0242 0863 0653 0538 2117 0526 0771 0195 0395 0504 0676 0481 0284 0494 0584 0791 0830 B aaaaaaaaaaaaaaaaaaaaaaaa
0252 2148 0560 0242 0863 0652 0538 2114 0527 0770 0195 0395 0504 0673 0478 0281 0492 0584 0792 0827 B aaaaaaaaaaaaaaaaaaaaaaaa
0253 2145 0560 0242 0863 0652 0538 2111 0527 0770 0194 0394 0504 0670 0475 0278 0491 0585 0793 0825 B aaaaaaaaaaaaaaaaaaaaaaaa
0254 2142 0560 0241 0862 0652 0538 2108 0527 0770 0194 0394 0504 0666 0471 0274 0489 0585 0794 0822 B aaaaaaaaaaaaaaaaaaaaaaaa
0255 2139 0560 0241 0862 0651 0538 2104 0527 0770 0194 0393 0504 0663 0468 0271 0487 0586 0796 0820 B aaaaaaaaaaaaaaaaaaaaaaaa
0256 2136 0559 0241 0862 0651 0538 2101 0527 0770 0193 0393 0504 0659 0465 0268 0485 0586 0797 0818 B aaaaaaaaaaaaaaaaaaaaaaaa
0257 2132 0559 0241 0861 0650 0538 2098 0526 0770 0193 0393 0504 0655 0462 0265 0483 0586 0798 0815 B aaaaaaaaaaaaaaaaaaaaaaaa
0258 2129 0558 0241 0861 0650 0538 2095 0526 0770 0193 0392 0504 0652 0459 0262 0481 0587 0799 0813 B aaaaaaaaaaaaaaaaaaaaaaaa
0259 2126 0558 0241 0861 0650 0538 2092 0526 0770 0192 0392 0504 0648 0456 0259 0479 0587 0800 0810 B aaaaaaaaaaaaaaaaaaaaaaaa
0260 2122 0557 0241 0860 0649 0537 2088 0525 0770 0192 0391 0504 0644 0453 0256 0477 0587 0801 0808 B aaaaaaaaaaaaaaaaaaaaaaaa
0261 2119 0556 0241 0860 0649 0537 2085 0524 0770 0191 0391 0503 0640 0450 0253 0474 0587 0802 0806 B aaaaaaaaaaaaaaaaaaaaaaaa
0262 2115 0555 0241 0859 0648 0537 2081 0523 0771 0191 0390 0503 0636 0448 0250 0472 0587 0803 0803 B aaaaaaaaaaaaaaaaaaaaaaaa
0263 2111 0554 0241 0858 0648 0536 2077 0522 0771 0190 0390 0503 0632 0445 0247 0469 0587 0803 0801 B aaaaaaaaaaaaaaaaaaaaaaaa
0264 2107 0553 0241 0858 0647 0536 2074 0521 0771 0189 0389 0503 0628 0443 0244 0466 0586 0804 0799 B aaaaaaaaaaaaaaaaaaaaaaaa
0265 2103 0552 0240 0857 0646 0535 2070 0520 0772 0188 0389 0502 0624 0441 0241 0463 0586 0805 0797 B aaaaaaaaaaaaaaaaaaaaaaaa
0266 2099 0550 0240 0856 0646 0535 2066 0519 0772 0188 0388 0502 0620 0439 0239 0460 0586 0805 0794 B aaaaaaaaaaaaaaaaaaaaaaaa
0267 2095 0549 0241 0856 0645 0534 2062 0517 0773 0187 0387 0502 0616 0437 0236 0457 0585 0806 0792 B aaaaaaaaaaaaaaaaaaaaaaaa
0268 2091 0547 0241 0855 0645 0534 2057 0516 0773 0186 0387 0501 0612 0435 0233 0454 0585 0806 0790 B aaaaaaaaaaaaaaaaaaaaaaaa
0269 2086 0545 0241 0854 0644 0533 2053 0514 0774 0185 0386 0501 0608 0434 0231 0450 0584 0806 0788 B aaaaaaaaaaaaaaaaaaaaaaaa
0270 2082 0543 0241 0853 0643 0533 2048 0512 0775 0184 0386 0500 0604 0432 0229 0447 0584 0806 0786 B aaaaaaaaaaaaaaaaaaaaaaaa
0271 2077 0541 0241 0852 0643 0532 2044 0510 0775 0183 0385 0500 0600 0431 0227 0443 0583 0806 0784 B aaaaaaaaaaaaaaaaaaaaaaaa
0272 2072 0539 0241 0851 0642 0531 2039 0508 0776 0182 0385 0499 0596 0430 0225 0440 0582 0806 0782 B aaaaaaaaaaaaaaaaaaaaaaaa
0273 2067 0537 0242 0850 0641 0531 2034 0506 0777 0180 0384 0499 0592 0429 0224 0436 0581 0805 0780 B aaaaaaaaaaaaaaaaaaaaaaaa
0274 2062 0534 0242 0849 0640 0530 2029 0504 0777 0179 0383 0498 0588 0428 0222 0432 0580 0805 0778 B aaaaaaaaaaaaaaaaaaaaaaaa
0275 2057 0532 0242 0848 0640 0529 2024 0502 0778 0178 0383 0497 0584 0427 0221 0428 0579 0804 0777 B aaaaaaaaaaaaaaaaaaaaaaaa
0276 2052 0530 0243 0847 0639 0529 2019 0499 0778 0177 0382 0497 0580 0427 0220 0424 0578 0803 0775 B aaaaaaaaaaaaaaaaaaaaaaaa
0277 2047 0528 0243 0845 0638 0528 2014 0497 0779 0176 0381 0496 0577 0426 0220 0420 0577 0801 0773 B aaaaaaaaaaaaaaaaaaaaaaaa
0278 2042 0525 0243 0844 0637 0527 2009 0495 0780 0175 0381 0495 0573 0426 0219 0416 0575 0800 0771 B aaaaaaaaaaaaaaaaaaaaaaaa
0279 2037 0523 0244 0843 0637 0527 2004 0493 0780 0174 0380 0495 0569 0426 0219 0412 0574 0798 0769 B aaaaaaaaaaaaaaaaaaaaaaaa
0280 2032 0521 0244 0842 0636 0526 1999 0491 0780 0173 0379 0494 0566 0426 0218 0408 0572 0796 0767 B aaaaaaaaaaaaaaaaaaaaaaaa
0281 2028 0519 0245 0841 0635 0526 1994 0489 0781 0172 0379 0493 0563 0426 0218 0403 0570 0794 0765 B aaaaaaaaaaaaaaaaaaaaaaaa
0282 2023 0518 0245 0840 0635 0525 1990 0487 0781 0171 0378 0493 0560 0427 0219 0399 0568 0791 0763 B aaaaaaaaaaaaaaaaaaaaaaaa
0283 2019 0516 0246 0839 0634 0525 1985 0485 0781 0170 0378 0492 0557 0427 0219 0395 0566 0789 0761 B aaaaaaaaaaaaaaaaaaaaaaaa
0284 2014 0515 0246 0838 0633 0524 1981 0484 0782 0169 0377 0492 0554 0427 0219 0391 0564 0786 0759 B aaaaaaaaaaaaaaaaaaaaaaaa
0285 2010 0513 0246 0837 0633 0524 1977 0482 0782 0169 0377 0491 0551 0428 0220 0387 0562 0783 0757 B aaaaaaaaaaaaaaaaaaaaaaaa
0286 2006 0512 0247 0837 0632 0524 1972 0481 0782 0168 0376 0491 0548 0428 0220 0383 0559 0780 0755 B aaaaaaaaaaaaaaaaaaaaaaaa
0287 2002 0511 0247 0836 0632 0523 1968 0480 0782 0167 0376 0490 0546 0429 0221 0379 0557 0777 0753 B aaaaaaaaaaaaaaaaaaaaaaaa
0288 1999 0510 0247 0835 0631 0523 1965 0479 0782 0167 0375 0490 0543 0430 0222 0375 0554 0774 0751 B aaaaaaaaaaaaaaaaaaaaaaaa
0289 1995 0509 0247 0835 0630 0523 1961 0478 0782 0166 0375 0490 0541 0430 0222 0371 0552 0770 0749 B aaaaaaaaaaaaaaaaaaaaaaaa
0290 1991 0509 0247 0834 0630 0523 1957 0477 0782 0165 0374 0490 0539 0431 0223 0367 0549 0767 0747 B aaaaaaaaaaaaaaaaaaaaaaaa
0291 1988 0508 0248 0833 0629 0523 1954 0476 0782 0165 0374 0489 0537 0432 0224 0364 0546 0764 0745 B aaaaaaaaaaaaaaaaaaaaaaaa
0292 1985 0508 0248 0833 0629 0523 1950 0476 0782 0165 0373 0489 0535 0433 0225 0360 0543 0760 0743 B aaaaaaaaaaaaaaaaaaaaaaaa
0293 1981 0507 0248 0833 0628 0523 1947 0475 0782 0164 0373 0489 0533 0434 0226 0356 0540 0757 0741 B aaaaaaaaaaaaaaaaaaaaaaaa
0294 1978 0507 0247 0832 0628 0523 1944 0475 0782 0164 0372 0489 0532 0435 0227 0352 0537 0753 0739 B aaaaaaaaaaaaaaaaaaaaaaaa
0295 1975 0507 0247 0832 0627 0523 1940 0475 0782 0163 0372 0489 0530 0436 0228 0349 0534 0750 0736 B aaaaaaaaaaaaaaaaaaaaaaaa
0296 1972 0507 0247 0832 0627 0523 1937 0475 0782 0163 0372 0489 0529 0438 0230 0345 0530 0746 0734 B aaaaaaaaaaaaaaaaaaaaaaaa
0297 1969 0507 0247 0831 0626 0523 1934 0475 0782 0163 0371 0489 0528 0439 0231 0342 0527 0743 0732 B aaaaaaaaaaaaaaaaaaaaaaaa
0298 1966 0507 0247 0831 0626 0523 1931 0475 0782 0162 0371 0489 0526 0440 0232 0338 0524 0739 0730 B aaaaaaaaaaaaaaaaaaaaaaaa
0299 1963 0508 0247 0831 0625 0523 1928 0475 0782 0162 0371 0489 0525 0441 0233 0335 0520 0736 0727 B aaaaaaaaaaaaaaaaaaaaaaaa
0300 1960 0508 0246 0831 0625 0524 1925 0475 0781 0162 0370 0489 0524 0443 0235 0332 0517 0732 0725 B aaaaaaaaaaaaaaaaaaaaaaaa
0301 1957 0508 0246 0831 0624 0524 1922 0476 0781 0162 0370 0489 0524 0444 0236 0328 0513 0728 0723 B aaaaaaaaaaaaaaaaaaaaaaaa
0302 1954 0509 0245 0830 0624 0524 1918 0476 0781 0161 0370 0490 0523 0446 0237 0325 0510 0725 0720 B aaaaaaaaaaaaaaaaaaaaaaaa
0303 1951 0510 0245 0830 0623 0524 1915 0477 0781 0161 0369 0490 0523 0447 0239 0322 0506 0721 0718 B aaaaaaaaaaaaaaaaaaaaaaaa
0304 1948 0510 0245 0830 0623 0525 1912 0477 0781 0161 0369 0490 0522 0449 0240 0319 0502 0718 0716 B aaaaaaaaaaaaaaaaaaaaaaaa
0305 1945 0511 0244 0830 0622 0525 1909 0478 0781 0161 0369 0490 0522 0451 0242 0316 0498 0714 0713 B aaaaaaaaaaaaaaaaaaaaaaaa
0306 1942 0512 0243 0830 0622 0525 1906 0479 0781 0161 0368 0491 0522 0452 0243 0313 0494 0711 0711 B aaaaaaaaaaaaaaaaaaaaaaaa
0307 1939 0513 0243 0830 0621 0526 1903 0480 0781 0161 0368 0491 0522 0454 0245 0309 0490 0707 0709 B aaaaaaaaaaaaaaaaaaaaaaaa
0308 1936 0514 0242 0830 0621 0526 1900 0481 0780 0161 0368 0491 0522 0455 0247 0307 0487 0704 0706 B aaaaaaaaaaaaaaaaaaaaaaaa
0309 1933 0515 0242 0830 0620 0527 1897 0482 0780 0160 0368 0491 0522 0457 0248 0304 0483 0701 0704 B aaaaaaaaaaaaaaaaaaaaaaaa
0310 1930 0516 0241 0830 0620 0527 1894 0483 0780 0160 0367 0492 0523 0459 0250 0301 0479 0698 0702 B aaaaaaaaaaaaaaaaaaaaaaaa
0311 1928 0517 0240 0830 0619 0528 1892 0483 0780 0160 0367 0492 0523 0460 0252 0299 0476 0695 0700 B aaaaaaaaaaaaaaaaaaaaaaaa
0312 1925 0518 0240 0830 0619 0528 1889 0484 0780 0160 0367 0492 0524 0461 0253 0296 0473 0692 0699 B aaaaaaaaaaaaaaaaaaaaaaaa
0313 1923 0519 0239 0830 0618 0528 1887 0485 0780 0160 0367 0493 0524 0463 0255 0294 0470 0689 0697 B aaaaaaaaaaaaaaaaaaaaaaaa
0314 1921 0520 0239 0830 0618 0529 1884 0486 0780 0160 0366 0493 0525 0464 0256 0292 0467 0687 0695 B aaaaaaaaaaaaaaaaaaaaaaaa
0315 1919 0521 0238 0830 0618 0529 1882 0487 0780 0160 0366 0493 0525 0465 0257 0290 0464 0685 0694 B aaaaaaaaaaaaaaaaaaaaaaaa
0316 1917 0522 0238 0830 0617 0529 1880 0488 0780 0160 0366 0494 0526 0466 0259 0288 0462 0683 0693 B aaaaaaaaaaaaaaaaaaaaaaaa
0317 1915 0523 0237 0830 0617 0530 1878 0489 0779 0160 0366 0494 0527 0467 0260 0286 0459 0681 0691 B aaaaaaaaaaaaaaaaaaaaaaaa
0318 1914 0524 0237 0830 0617 0530 1876 0489 0779 0160 0366 0494 0527 0468 0261 0285 0457 0679 0690 B aaaaaaaaaaaaaaaaaaaaaaaa
0319 1912 0524 0236 0830 0616 0530 1875 0490 0779 0160 0366 0494 0528 0469 0262 0283 0455 0677 0689 B aaaaaaaaaaaaaaaaaaaaaaaa
0320 1911 0525 0236 0830 0616 0531 1873 0491 0779 0160 0366 0495 0528 0469 0263 0282 0453 0676 0688 B aaaaaaaaaaaaaaaaaaaaaaaa
0321 1910 0526 0235 0830 0616 0531 1872 0491 0779 0160 0365 0495 0529 0470 0264 0281 0452 0674 0687 B aaaaaaaaaaaaaaaaaaaaaaaa
0322 1908 0526 0235 0830 0615 0531 1871 0492 0779 0160 0365 0495 0529 0471 0265 0280 0450 0673 0687 B aaaaaaaaaaaaaaaaaaaaaaaa
0323 1908 0527 0235 0830 0615 0531 1870 0492 0779 0160 0365 0495 0530 0471 0265 0279 0449 0672 0686 B aaaaaaaaaaaaaaaaaaaaaaaa
0324 1907 0527 0235 0830 0615 0531 1869 0492 0779 0160 0365 0495 0530 0471 0266 0278 0448 0671 0686 B aaaaaaaaaaaaaaaaaaaaaaaa
0325 1906 0527 0234 0830 0615 0532 1868 0493 0779 0160 0365 0495 0530 0472 0267 0278 0447 0671 0685 B aaaaaaaaaaaaaaaaaaaaaaaa
0326 1906 0528 0234 0830 0615 0532 1868 0493 0779 0160 0365 0495 0531 0472 0267 0277 0446 0670 0685 B aaaaaaaaaaaaaaaaaaaaaaaa
0327 1905 0528 0234 0830 0615 0532 1867 0493 0779 0160 0365 0495 0531 0472 0267 0277 0446 0670 0685 B aaaaaaaaaaaaaaaaaaaaaaaa
0328 1905 0528 0234 0830 0615 0532 1867 0493 0779 0160 0365 0495 0531 0472 0267 0277 0446 0670 0684 B aaaaaaaaaaaaaaaaaaaaaaaa
0329 1906 0528 0234 0830 0615 0532 1868 0493 0779 0160 0365 0495 0531 0472 0267 0277 0446 0670 0685 B aaaaaaaaaaaaaaaaaaaaaaaa
0330 1905 0528 0234 0830 0615 0532 1868 0493 0779 0160 0365 0495 0531 0472 0267 0277 0446 0670 0685 B aaaaaaaaaaaaaaaaaaaaaaaa
0331 1906 0527 0234 0830 0615 0532 1868 0493 0779 0160 0365 0495 0530 0473 0267 0278 0447 0671 0685 B aaaaaaaaaaaaaaaaaaaaaaaa
0332 1907 0527 0235 0830 0615 0531 1869 0492 0779 0160 0365 0495 0530 0474 0267 0279 0448 0671 0686 B aaaaaaaaaaaaaaaaaaaaaaaa
0333 1908 0526 0235 0830 0616 0531 1871 0492 0779 0160 0365 0495 0529 0475 0267 0280 0450 0672 0687 B aaaaaaaaaaaaaaaaaaaaaaaa
0334 1910 0526 0236 0830 0616 0531 1872 0492 0779 0160 0365 0495 0528 0476 0267 0282 0451 0674 0688 B aaaaaaaaaaaaaaaaaaaaaaaa
0335 1912 0525 0236 0830 0616 0531 1874 0491 0779 0160 0365 0495 0527 0477 0266 0283 0454 0676 0689 B aaaaaaaaaaaaaaaaaaaaaaaa
0336 1914 0525 0237 0830 0617 0531 1876 0490 0779 0161 0365 0495 0526 0479 0266 0285 0456 0678 0690 B aaaaaaaaaaaaaaaaaaaaaaaa
0337 1916 0524 0238 0830 0617 0530 1879 0490 0778 0161 0365 0495 0524 0480 0265 0288 0459 0680 0692 B aaaaaaaaaaaaaaaaaaaaaaaa
0338 1919 0523 0238 0830 0618 0530 1882 0489 0778 0161 0365 0494 0523 0482 0265 0291 0462 0682 0694 B aaaaaaaaaaaaaaaaaaaaaaaa
0339 1922 0522 0239 0830 0619 0530 1885 0489 0778 0161 0365 0494 0521 0484 0264 0294 0465 0685 0696 B aaaaaaaaaaaaaaaaaaaaaaaa
0340 1925 0521 0240 0831 0620 0530 1888 0488 0778 0161 0366 0494 0519 0487 0264 0297 0469 0688 0698 B aaaaaaaaaaaaaaaaaaaaaaaa
0341 1928 0521 0241 0831 0620 0529 1892 0487 0778 0161 0366 0494 0517 0489 0263 0300 0473 0692 0701 B aaaaaaaaaaaaaaaaaaaaaaaa
0342 1932 0520 0242 0831 0621 0529 1896 0486 0778 0162 0366 0494 0514 0492 0262 0304 0477 0695 0703 B aaaaaaaaaaaaaaaaaaaaaaaa
0343 1936 0519 0243 0831 0622 0529 1900 0486 0777 0162 0366 0494 0512 0495 0262 0309 0481 0699 0706 B aaaaaaaaaaaaaaaaaaaaaaaa
0344 1940 0518 0244 0831 0623 0528 1904 0485 0777 0162 0366 0494 0509 0497 0261 0313 0486 0704 0709 B aaaaaaaaaaaaaaaaaaaaaaaa
0345 1944 0517 0245 0831 0624 0528 1909 0484 0777 0162 0366 0494 0506 0500 0261 0318 0490 0708 0712 B aaaaaaaaaaaaaaaaaaaaaaaa
0346 1948 0516 0246 0831 0625 0528 1913 0484 0777 0163 0366 0493 0503 0503 0260 0323 0495 0713 0715 B aaaaaaaaaaaaaaaaaaaaaaaa
0347 1952 0516 0247 0831 0626 0528 1917 0483 0777 0163 0366 0493 0500 0506 0260 0328 0499 0717 0718 B aaaaaaaaaaaaaaaaaaaaaaaa
0348 1956 0515 0248 0831 0627 0527 1922 0483 0776 0163 0366 0493 0498 0509 0259 0333 0503 0722 0721 B aaaaaaaaaaaaaaaaaaaaaaaa
0349 1960 0515 0248 0831 0628 0527 1926 0483 0776 0164 0367 0493 0495 0511 0259 0338 0507 0727 0724 B aaaaaaaaaaaaaaaaaaaaaaaa
0350 1964 0515 0249 0831 0629 0527 1930 0482 0776 0164 0367 0493 0492 0514 0258 0343 0511 0731 0727 B aaaaaaaaaaaaaaaaaaaaaaaa
0351 1968 0514 0250 0831 0630 0527 1934 0482 0776 0164 0367 0493 0490 0516 0258 0349 0514 0736 0730 B aaaaaaaaaaaaaaaaaaaaaaaa
0352 1971 0514 0250 0832 0630 0527 1937 0482 0775 0165 0367 0494 0487 0519 0258 0354 0517 0740 0732 B aaaaaaaaaaaaaaaaaaaaaaaa
0353 1975 0514 0251 0832 0631 0527 1941 0482 0775 0165 0367 0494 0485 0521 0258 0359 0520 0745 0735 B aaaaaaaaaaaaaaaaaaaaaaaa
0354 1978 0514 0252 0832 0632 0527 1945 0482 0775 0165 0367 0494 0483 0523 0258 0365 0523 0749 0737 B aaaaaaaaaaaaaaaaaaaaaaaa
0355 1982 0514 0252 0832 0633 0527 1948 0482 0775 0166 0367 0494 0480 0525 0258 0371 0526 0754 0740 B aaaaaaaaaaaaaaaaaaaaaaaa
0356 1985 0514 0253 0832 0634 0527 1951 0483 0774 0166 0367 0494 0478 0527 0258 0376 0528 0758 0742 B aaaaaaaaaaaaaaaaaaaaaaaa
0357 1988 0514 0253 0833 0634 0527 1955 0483 0774 0167 0367 0494 0476 0529 0258 0382 0530 0763 0744 B aaaaaaaaaaaaaaaaaaaaaaaa
0358 1991 0514 0254 0833 0635 0527 1958 0483 0774 0167 0367 0494 0474 0531 0258 0388 0532 0767 0747 B aaaaaaaaaaaaaaaaaaaaaaaa
0359 1994 0515 0254 0833 0636 0527 1961 0484 0773 0168 0367 0494 0472 0533 0258 0394 0533 0771 0749 B aaaaaaaaaaaaaaaaaaaaaaaa
0360 1997 0515 0254 0833 0637 0527 1964 0484 0773 0168 0368 0495 0470 0534 0258 0400 0535 0775 0751 B aaaaaaaaaaaaaaaaaaaaaaaa
0361 2000 0515 0255 0834 0637 0527 1967 0485 0773 0168 0368 0495 0469 0536 0258 0406 0536 0779 0753 B aaaaaaaaaaaaaaaaaaaaaaaa
0362 2003 0516 0255 0834 0638 0527 1970 0485 0772 0169 0368 0495 0467 0537 0258 0412 0536 0783 0754 B aaaaaaaaaaaaaaaaaaaaaaaa
0363 2006 0516 0255 0834 0639 0527 1973 0486 0772 0169 0368 0495 0465 0539 0259 0418 0537 0787 0756 B aaaaaaaaaaaaaaaaaaaaaaaa
0364 2008 0517 0256 0835 0639 0528 1975 0486 0771 0170 0368 0495 0464 0540 0259 0424 0537 0791 0758 B aaaaaaaaaaaaaaaaaaaaaaaa
0365 2011 0518 0256 0835 0640 0528 1978 0487 0771 0170 0368 0496 0463 0542 0259 0430 0537 0794 0759 B aaaaaaaaaaaaaaaaaaaaaaaa
0366 2013 0518 0256 0835 0641 0528 1980 0488 0770 0171 0368 0496 0461 0543 0259 0436 0537 0797 0761 B aaaaaaaaaaaaaaaaaaaaaaaa
0367 2016 0519 0256 0836 0641 0528 1983 0488 0770 0171 0368 0496 0460 0544 0260 0442 0536 0800 0762 B aaaaaaaaaaaaaaaaaaaaaaaa
0368 2018 0519 0257 0836 0642 0528 1985 0489 0770 0172 0368 0496 0459 0545 0260 0448 0536 0803 0763 B aaaaaaaaaaaaaaaaaaaaaaaa
0369 2020 0520 0257 0837 0643 0528 1987 0490 0769 0172 0368 0496 0458 0546 0260 0454 0535 0805 0765 B aaaaaaaaaaaaaaaaaaaaaaaa
0370 2022 0521 0257 0837 0643 0528 1990 0490 0769 0173 0368 0497 0457 0548 0261 0460 0533 0808 0766 B aaaaaaaaaaaaaaaaaaaaaaaa
0371 2025 0521 0257 0837 0644 0528 1992 0491 0768 0173 0368 0497 0456 0549 0261 0466 0532 0809 0767 B aaaaaaaaaaaaaaaaaaaaaaaa
0372 2027 0522 0258 0838 0645 0529 1994 0492 0768 0174 0368 0497 0455 0550 0262 0471 0530 0811 0768 B aaaaaaaaaaaaaaaaaaaaaaaa
0373 2029 0522 0258 0838 0645 0529 1996 0492 0767 0174 0368 0497 0454 0551 0262 0477 0529 0812 0769 B aaaaaaaaaaaaaaaaaaaaaaaa
0374 2031 0523 0258 0838 0646 0529 1998 0493 0767 0175 0368 0497 0453 0552 0263 0482 0527 0813 0770 B aaaaaaaaaaaaaaaaaaaaaaaa
0375 2033 0524 0258 0839 0647 0529 2000 0494 0766 0175 0368 0497 0453 0552 0264 0488 0525 0814 0771 B aaaaaaaaaaaaaaaaaaaaaaaa
0376 2035 0524 0258 0839 0647 0529 2002 0494 0766 0175 0368 0497 0452 0553 0264 0493 0523 0814 0772 B aaaaaaaaaaaaaaaaaaaaaaaa
0377 2037 0524 0259 0840 0648 0529 2004 0495 0766 0176 0368 0498 0451 0554 0265 0498 0520 0814 0773 B aaaaaaaaaaaaaaaaaaaaaaaa
0378 2038 0525 0259 0840 0648 0529 2006 0495 0765 0176 0368 0498 0451 0555 0266 0503 0518 0814 0774 B aaaaaaaaaaaaaaaaaaaaaaaa
0379 2040 0525 0259 0840 0649 0529 2008 0496 0765 0176 0368 0498 0450 0556 0267 0508 0516 0813 0775 B aaaaaaaaaaaaaaaaaaaaaaaa
0380 2042 0526 0259 0840 0649 0529 2010 0496 0765 0177 0368 0498 0450 0557 0268 0512 0513 0812 0776 B aaaaaaaaaaaaaaaaaaaaaaaa
0381 2044 0526 0259 0841 0650 0529 2011 0496 0764 0177 0368 0498 0449 0557 0269 0517 0510 0810 0777 B aaaaaaaaaaaaaaaaaaaaaaaa
0382 2045 0526 0260 0841 0650 0529 2013 0497 0764 0177 0368 0498 0449 0558 0270 0521 0508 0809 0778 B aaaaaaaaaaaaaaaaaaaaaaaa
0383 2047 0527 0260 0841 0651 0529 2015 0497 0764 0178 0368 0498 0449 0559 0271 0525 0505 0807 0778 B aaaaaaaaaaaaaaaaaaaaaaaa
0384 2048 0527 0260 0842 0651 0529 2016 0497 0763 0178 0368 0498 0448 0559 0272 0529 0502 0804 0779 B aaaaaaaaaaaaaaaaaaaaaaaa
0385 2050 0527 0260 0842 0652 0529 2018 0498 0763 0178 0368 0498 0448 0560 0274 0532 0500 0802 0780 B aaaaaaaaaaaaaaaaaaaaaaaa
0386 2051 0528 0261 0842 0652 0529 2019 0498 0763 0178 0368 0498 0448 0560 0275 0536 0497 0799 0781 B aaaaaaaaaaaaaaaaaaaaaaaa
0387 2053 0528 0261 0842 0653 0529 2021 0498 0762 0179 0368 0498 0448 0561 0276 0539 0494 0796 0781 B aaaaaaaaaaaaaaaaaaaaaaaa
0388 2054 0528 0261 0843 0653 0529 2022 0498 0762 0179 0368 0498 0448 0561 0278 0542 0491 0792 0782 B aaaaaaaaaaaaaaaaaaaaaaaa
0389 2055 0528 0261 0843 0654 0529 2023 0498 0762 0179 0368 0498 0449 0562 0280 0545 0489 0788 0782 B aaaaaaaaaaaaaaaaaaaaaaaa
0390 2056 0528 0261 0843 0654 0529 2024 0499 0762 0179 0368 0498 0449 0562 0281 0548 0486 0784 0783 B aaaaaaaaaaaaaaaaaaaaaaaa
0391 2057 0528 0262 0843 0654 0529 2025 0499 0761 0180 0368 0498 0449 0562 0283 0551 0483 0779 0783 B aaaaaaaaaaaaaaaaaaaaaaaa
0392 2058 0528 0262 0843 0655 0529 2026 0499 0761 0180 0368 0498 0450 0563 0285 0553 0481 0774 0784 B aaaaaaaaaaaaaaaaaaaaaaaa
0393 2059 0528 0262 0843 0655 0529 2027 0499 0761 0180 0368 0498 0451 0563 0287 0555 0478 0769 0784 B aaaaaaaaaaaaaaaaaaaaaaaa
0394 2060 0528 0262 0843 0655 0529 2028 0499 0761 0180 0368 0498 0451 0563 0289 0557 0476 0763 0784 B aaaaaaaaaaaaaaaaaaaaaaaa
0395 2060 0528 0262 0843 0655 0529 2028 0499 0761 0180 0368 0497 0452 0563 0291 0559 0474 0758 0785 B aaaaaaaaaaaaaaaaaaaaaaaa
0396 2061 0528 0262 0843 0655 0528 2029 0499 0761 0181 0368 0497 0453 0563 0293 0560 0472 0753 0785 B aaaaaaaaaaaaaaaaaaaaaaaa
0397 2061 0528 0263 0843 0656 0528 2029 0499 0760 0181 0368 0497 0454 0563 0294 0561 0470 0748 0785 B aaaaaaaaaaaaaaaaaaaaaaaa
0398 2061 0528 0263 0843 0656 0528 2029 0499 0760 0181 0368 0497 0455 0563 0296 0562 0468 0743 0785 B aaaaaaaaaaaaaaaaaaaaaaaa
0399 2062 0528 0263 0843 0656 0528 2029 0499 0760 0181 0368 0497 0456 0563 0298 0563 0467 0739 0785 B aaaaaaaaaaaaaaaaaaaaaaaa
0400 2062 0528 0263 0843 0656 0528 2030 0498 0760 0181 0368 0497 0457 0563 0299 0563 0466 0735 0785 B aaaaaaaaaaaaaaaaaaaaaaaa
0401 2062 0528 0263 0843 0656 0528 2030 0498 0760 0181 0368 0497 0457 0563 0301 0563 0465 0731 0785 B aaaaaaaaaaaaaaaaaaaaaaaa
0402 2062 0528 0263 0843 0656 0528 2030 0498 0760 0181 0368 0497 0458 0563 0302 0564 0464 0727 0785 B aaaaaaaaaaaaaaaaaaaaaaaa
0403 2062 0528 0263 0843 0656 0528 2030 0498 0760 0181 0368 0497 0459 0563 0303 0564 0463 0724 0785 B aaaaaaaaaaaaaaaaaaaaaaaa
0404 2062 0528 0263 0843 0656 0528 2030 0498 0760 0181 0368 0497 0459 0563 0304 0564 0462 0722 0785 B aaaaaaaaaaaaaaaaaaaaaaaa
0405 2062 0527 0263 0843 0656 0528 2030 0498 0760 0181 0368 0497 0460 0563 0305 0564 0462 0719 0785 B aaaaaaaaaaaaaaaaaaaaaaaa
0406 2062 0527 0263 0843 0656 0528 2030 0498 0760 0181 0368 0497 0460 0563 0305 0564 0462 0718 0785 B aaaaaaaaaaaaaaaaaaaaaaaa
0407 2062 0527 0263 0843 0656 0528 2030 0498 0760 0181 0368 0497 0460 0563 0306 0564 0461 0717 0785 B aaaaaaaaaaaaaaaaaaaaaaaa
0408 2062 0528 0263 0843 0656 0528 2030 0498 0760 0181 0368 0497 0461 0563 0306 0564 0461 0716 0785 B aaaaaaaaaaaaaaaaaaaaaaaa
0409 2062 0528 0263 0843 0656 0528 2030 0498 0760 0182 0368 0497 0461 0563 0306 0564 0461 0716 0785 B aaaaaaaaaaaaaaaaaaaaaaaa
0410 2062 0528 0263 0843 0656 0528 2030 0498 0760 0182 0368 0497 0461 0563 0306 0564 0461 0716 0785 B aaaaaaaaaaaaaaaaaaaaaaaa
0411 2062 0528 0264 0843 0656 0528 2030 0498 0760 0182 0368 0497 0461 0563 0306 0564 0461 0715 0785 B aaaaaaaaaaaaaaaaaaaaaaaa
0412 2062 0528 0264 0842 0656 0528 2030 0498 0759 0182 0368 0497 0461 0563 0306 0564 0461 0715 0785 B aaaaaaaaaaaaaaaaaaaaaaaa
0413 2062 0528 0264 0842 0655 0528 2030 0498 0759 0183 0368 0497 0461 0563 0306 0564 0461 0715 0785 B aaaaaaaaaaaaaaaaaaaaaaaa
0414 2062 0528 0264 0841 0655 0528 2030 0498 0759 0183 0368 0497 0461 0563 0306 0564 0461 0715 0785 B aaaaaaaaaaaaaaaaaaaaaaaa
0415 2062 0528 0265 0841 0655 0528 2030 0498 0758 0184 0369 0497 0461 0563 0307 0564 0461 0714 0785 B aaaaaaaaaaaaaaaaaaaaaaaa
0416 2062 0528 0265 0840 0655 0528 2030 0498 0758 0185 0369 0497 0461 0563 0307 0563 0462 0714 0785 B aaaaaaaaaaaaaaaaaaaaaaaa
0417 2062 0528 0266 0839 0654 0528 2030 0498 0757 0186 0369 0497 0461 0563 0307 0563 0462 0714 0785 B aaaaaaaaaaaaaaaaaaaaaaaa
0418 2062 0527 0266 0838 0654 0527 2030 0498 0757 0187 0370 0497 0462 0563 0308 0563 0462 0713 0785 B aaaaaaaaaaaaaaaaaaaaaaaa
0419 2062 0527 0267 0837 0653 0527 2030 0498 0756 0188 0370 0497 0462 0563 0309 0563 0462 0713 0785 B aaaaaaaaaaaaaaaaaaaaaaaa
0420 2062 0527 0268 0835 0653 0527 2030 0498 0755 0189 0371 0497 0462 0562 0309 0562 0462 0712 0785 B aaaaaaaaaaaaaaaaaaaaaaaa
0421 2061 0527 0269 0834 0652 0527 2030 0498 0755 0191 0371 0497 0462 0562 0310 0562 0462 0711 0785 B aaaaaaaaaaaaaaaaaaaaaaaa
0422 2061 0527 0269 0832 0651 0527 2030 0499 0754 0192 0372 0497 0463 0562 0311 0562 0462 0711 0785 B aaaaaaaaaaaaaaaaaaaaaaaa
0423 2061 0527 0270 0831 0651 0527 2030 0499 0753 0194 0373 0497 0463 0562 0311 0561 0462 0710 0785 B aaaaaaaaaaaaaaaaaaaaaaaa
0424 2061 0527 0271 0829 0650 0527 2031 0499 0752 0195 0374 0497 0463 0562 0312 0561 0462 0709 0785 B aaaaaaaaaaaaaaaaaaaaaaaa
0425 2061 0527 0273 0827 0649 0527 2031 0499 0751 0197 0374 0497 0464 0562 0313 0561 0462 0708 0785 B aaaaaaaaaaaaaaaaaaaaaaaa
0426 2061 0527 0274 0825 0648 0527 2031 0499 0750 0199 0375 0497 0464 0562 0314 0560 0462 0707 0785 B aaaaaaaaaaaaaaaaaaaaaaaa
0427 2061 0527 0275 0823 0648 0527 2031 0499 0748 0201 0376 0497 0465 0562 0315 0560 0463 0707 0785 B aaaaaaaaaaaaaaaaaaaaaaaa
0428 2061 0527 0276 0821 0647 0527 2031 0499 0747 0203 0377 0498 0465 0562 0316 0559 0463 0706 0785 B aaaaaaaaaaaaaaaaaaaaaaaa
0429 2061 0527 0277 0819 0646 0527 2031 0499 0746 0205 0378 0498 0465 0561 0317 0559 0463 0705 0785 B aaaaaaaaaaaaaaaaaaaaaaaa
0430 2061 0526 0278 0817 0645 0527 2031 0499 0745 0207 0379 0498 0466 0561 0318 0559 0463 0704 0785 B aaaaaaaaaaaaaaaaaaaaaaaa
0431 2061 0526 0279 0815 0644 0527 2031 0499 0744 0209 0379 0498 0466 0561 0319 0558 0463 0703 0785 B aaaaaaaaaaaaaaaaaaaaaaaa
0432 2061 0526 0280 0813 0643 0526 2031 0499 0743 0211 0380 0498 0467 0561 0320 0558 0463 0702 0785 B aaaaaaaaaaaaaaaaaaaaaaaa
0433 2061 0526 0282 0811 0643 0526 2032 0499 0742 0213 0381 0498 0467 0561 0320 0557 0463 0701 0785 B aaaaaaaaaaaaaaaaaaaaaaaa
0434 2061 0526 0283 0809 0642 0526 2032 0499 0741 0215 0382 0498 0468 0561 0321 0557 0463 0700 0785 B aaaaaaaaaaaaaaaaaaaaaaaa
0435 2061 0526 0284 0807 0641 0526 2032 0499 0740 0217 0383 0498 0468 0561 0322 0556 0463 0699 0785 B aaaaaaaaaaaaaaaaaaaaaaaa
0436 2061 0526 0285 0805 0640 0526 2032 0499 0738 0219 0384 0498 0468 0561 0323 0556 0464 0698 0785 B aaaaaaaaaaaaaaaaaaaaaaaa
0437 2061 0526 0286 0803 0639 0526 2032 0499 0737 0221 0385 0498 0469 0560 0324 0556 0464 0698 0785 B aaaaaaaaaaaaaaaaaaaaaaaa
0438 2061 0526 0287 0801 0638 0526 2032 0499 0736 0223 0386 0498 0469 0560 0325 0555 0464 0697 0785 B aaaaaaaaaaaaaaaaaaaaaaaa
0439 2061 0526 0288 0799 0637 0526 2032 0499 0735 0225 0386 0498 0470 0560 0326 0555 0464 0696 0785 B aaaaaaaaaaaaaaaaaaaaaaaa
0440 2061 0526 0290 0797 0636 0526 2032 0499 0734 0227 0387 0498 0470 0560 0327 0554 0464 0695 0785 B aaaaaaaaaaaaaaaaaaaaaaaa
0441 2061 0526 0291 0795 0636 0526 2032 0499 0733 0229 0388 0498 0470 0560 0328 0554 0464 0694 0785 B aaaaaaaaaaaaaaaaaaaaaaaa
0442 2061 0525 0292 0793 0635 0526 2032 0500 0731 0231 0389 0498 0471 0560 0329 0553 0464 0693 0785 B aaaaaaaaaaaaaaaaaaaaaaaa
0443 2061 0525 0293 0791 0634 0526 2033 0500 0730 0233 0390 0498 0471 0560 0330 0553 0464 0692 0785 B aaaaaaaaaaaaaaaaaaaaaaaa
0444 2061 0525 0294 0789 0633 0526 2033 0500 0729 0236 0391 0499 0472 0560 0331 0552 0464 0691 0785 B aaaaaaaaaaaaaaaaaaaaaaaa
0445 2061 0525 0296 0787 0632 0526 2033 0500 0728 0238 0392 0499 0472 0560 0332 0552 0464 0690 0785 B aaaaaaaaaaaaaaaaaaaaaaaa
0446 2060 0525 0297 0784 0631 0525 2033 0500 0727 0240 0393 0499 0473 0559 0333 0552 0465 0689 0785 B aaaaaaaaaaaaaaaaaaaaaaaa
0447 2060 0525 0298 0782 0630 0525 2033 0500 0726 0242 0394 0499 0473 0559 0334 0551 0465 0688 0785 B aaaaaaaaaaaaaaaaaaaaaaaa
0448 2060 0525 0299 0780 0629 0525 2033 0500 0724 0244 0395 0499 0473 0559 0335 0551 0465 0687 0785 B aaaaaaaaaaaaaaaaaaaaaaaa
0449 2060 0525 0300 0778 0628 0525 2033 0500 0723 0246 0396 0499 0474 0559 0336 0550 0465 0686 0785 B aaaaaaaaaaaaaaaaaaaaaaaa
0450 2060 0525 0302 0776 0627 0525 2033 0500 0722 0248 0397 0499 0474 0559 0337 0550 0465 0685 0785 B aaaaaaaaaaaaaaaaaaaaaaaa
0451 2060 0525 0303 0774 0626 0525 2033 0500 0721 0251 0398 0499 0475 0559 0338 0549 0465 0684 0785 B aaaaaaaaaaaaaaaaaaaaaaaa
0452 2060 0525 0304 0771 0625 0525 2033 0500 0719 0253 0399 0499 0475 0559 0339 0549 0465 0683 0785 B aaaaaaaaaaaaaaaaaaaaaaaa
0453 2060 0525 0305 0769 0624 0525 2033 0500 0718 0255 0400 0499 0476 0559 0340 0548 0465 0682 0785 B aaaaaaaaaaaaaaaaaaaaaaaa
0454 2060 0525 0307 0767 0623 0525 2034 0500 0717 0257 0401 0499 0476 0559 0341 0548 0465 0681 0785 B aaaaaaaaaaaaaaaaaaaaaaaa
0455 2060 0525 0308 0765 0622 0525 2034 0500 0716 0260 0402 0499 0477 0558 0342 0548 0466 0680 0785 B aaaaaaaaaaaaaaaaaaaaaaaa
0456 2060 0524 0309 0762 0621 0525 2034 0500 0714 0262 0403 0499 0477 0558 0343 0547 0466 0679 0785 B aaaaaaaaaaaaaaaaaaaaaaaa
0457 2060 0524 0311 0760 0620 0525 2034 0500 0713 0264 0404 0499 0477 0558 0344 0547 0466 0678 0785 B aaaaaaaaaaaaaaaaaaaaaaaa
0458 2060 0524 0312 0758 0619 0525 2034 0500 0712 0267 0405 0499 0478 0558 0345 0546 0466 0677 0785 B aaaaaaaaaaaaaaaaaaaaaaaa
0459 2060 0524 0313 0755 0618 0525 2034 0500 0711 0269 0406 0499 0478 0558 0346 0546 0466 0676 0785 B aaaaaaaaaaaaaaaaaaaaaaaa
0460 2060 0524 0314 0753 0617 0525 2034 0500 0709 0271 0407 0499 0479 0558 0347 0545 0466 0675 0785 B aaaaaaaaaaaaaaaaaaaaaaaa
0461 2060 0524 0316 0750 0616 0525 2034 0500 0708 0274 0408 0499 0479 0558 0349 0545 0466 0674 0785 B aaaaaaaaaaaaaaaaaaaaaaaa
0462 2060 0524 0317 0748 0615 0524 2034 0500 0707 0276 0409 0500 0480 0558 0350 0544 0466 0673 0785 B aaaaaaaaaaaaaaaaaaaaaaaa
0463 2060 0524 0318 0746 0614 0524 2034 0500 0705 0279 0410 0500 0480 0558 0351 0544 0466 0672 0785 B aaaaaaaaaaaaaaaaaaaaaaaa
0464 2060 0524 0320 0743 0613 0524 2034 0500 0704 0281 0411 0500 0481 0558 0352 0543 0466 0671 0785 B aaaaaaaaaaaaaaaaaaaaaaaa
0465 2060 0524 0321 0741 0611 0524 2034 0501 0703 0283 0412 0500 0481 0557 0353 0543 0467 0670 0785 B aaaaaaaaaaaaaaaaaaaaaaaa
0466 2060 0524 0323 0738 0610 0524 2035 0501 0701 0286 0414 0500 0482 0557 0354 0542 0467 0669 0785 B aaaaaaaaaaaaaaaaaaaaaaaa
0467 2060 0524 0324 0736 0609 0524 2035 0501 0700 0289 0415 0500 0482 0557 0355 0542 0467 0668 0785 B aaaaaaaaaaaaaaaaaaaaaaaa
0468 2060 0524 0325 0733 0608 0524 2035 0501 0698 0291 0416 0500 0483 0557 0356 0541 0467 0667 0785 B aaaaaaaaaaaaaaaaaaaaaaaa
0469 2060 0524 0327 0730 0607 0524 2035 0501 0697 0294 0417 0500 0483 0557 0357 0541 0467 0666 0785 B aaaaaaaaaaaaaaaaaaaaaaaa
0470 2060 0524 0328 0728 0606 0524 2035 0501 0696 0296 0418 0500 0484 0557 0359 0540 0467 0665 0785 B aaaaaaaaaaaaaaaaaaaaaaaa
0471 2060 0524 0330 0725 0604 0524 2035 0501 0694 0299 0419 0500 0484 0557 0360 0540 0467 0664 0785 B aaaaaaaaaaaaaaaaaaaaaaaa
0472 2060 0523 0331 0723 0603 0524 2035 0501 0693 0302 0421 0500 0485 0557 0361 0539 0467 0662 0785 B aaaaaaaaaaaaaaaaaaaaaaaa
0473 2060 0523 0333 0720 0602 0524 2035 0501 0691 0304 0422 0500 0485 0557 0362 0539 0467 0661 0785 B aaaaaaaaaaaaaaaaaaaaaaaa
0474 2060 0523 0334 0717 0601 0524 2035 0501 0690 0307 0423 0500 0486 0557 0363 0538 0467 0660 0785 B aaaaaaaaaaaaaaaaaaaaaaaa
0475 2060 0523 0335 0715 0600 0524 2035 0501 0689 0309 0424 0500 0486 0556 0364 0538 0468 0659 0785 B aaaaaaaaaaaaaaaaaaaaaaaa
0476 2060 0523 0337 0713 0599 0524 2035 0501 0687 0311 0425 0500 0486 0556 0365 0538 0468 0658 0785 B aaaaaaaaaaaaaaaaaaaaaaaa
0477 2060 0523 0338 0711 0598 0524 2035 0501 0686 0314 0426 0500 0487 0556 0366 0537 0468 0657 0785 B aaaaaaaaaaaaaaaaaaaaaaaa
0478 2060 0523 0339 0709 0597 0524 2035 0501 0685 0316 0427 0500 0487 0556 0367 0537 0468 0657 0785 B aaaaaaaaaaaaaaaaaaaaaaaa
0479 2060 0523 0340 0707 0596 0524 2035 0501 0684 0317 0428 0500 0487 0556 0368 0537 0468 0656 0785 B aaaaaaaaaaaaaaaaaaaaaaaa
0480 2060 0523 0341 0705 0595 0524 2036 0501 0683 0319 0429 0500 0488 0556 0368 0536 0468 0655 0785 B aaaaaaaaaaaaaaaaaaaaaaaa
0481 2060 0523 0341 0704 0595 0524 2036 0501 0682 0320 0429 0500 0488 0556 0369 0536 0468 0655 0785 B aaaaaaaaaaaaaaaaaaaaaaaa
0482 2060 0523 0342 0702 0594 0524 2036 0501 0682 0322 0430 0500 0488 0556 0369 0536 0468 0654 0785 B aaaaaaaaaaaaaaaaaaaaaaaa
0483 2060 0523 0343 0701 0594 0524 2036 0501 0681 0323 0430 0500 0488 0556 0370 0536 0468 0654 0785 B aaaaaaaaaaaaaaaaaaaaaaaa
0484 2060 0523 0343 0700 0593 0524 2036 0501 0681 0324 0431 0500 0489 0556 0370 0535 0468 0653 0785 B aaaaaaaaaaaaaaaaaaaaaaaa
0485 2060 0523 0344 0700 0593 0524 2036 0501 0680 0324 0431 0500 0489 0556 0371 0535 0468 0653 0785 B aaaaaaaaaaaaaaaaaaaaaaaa
0486 2059 0523 0344 0699 0593 0524 2036 0501 0680 0325 0431 0500 0489 0556 0371 0535 0468 0653 0785 B aaaaaaaaaaaaaaaaaaaaaaaa
0487 2059 0523 0344 0699 0592 0524 2036 0501 0680 0325 0432 0500 0489 0556 0371 0535 0468 0653 0785 B aaaaaaaaaaaaaaaaaaaaaaaa
0488 2059 0523 0344 0699 0592 0524 2036 0501 0680 0326 0432 0500 0489 0556 0371 0535 0468 0653 0785 B aaaaaaaaaaaaaaaaaaaaaaaa
