0266->aaaaaaaaaaaaaaaaaaaaaaaaaaaaaaaaaaaaaaaaaaaaaaaaaaaaaaaa0001 2048 0512 0313 0701 0588 0512 2048 0512 0711 0323 0436 0512 0494 0579 0367 0530 0445 0657 0477 B aaaaaaaaaaaaaaaaaaaaaaaa
0002 2048 0512 0313 0703 0589 0512 2048 0512 0711 0321 0435 0512 0493 0580 0364 0531 0444 0660 0477 B aaaaaaaaaaaaaaaaaaaaaaaa
0003 2048 0512 0311 0706 0590 0512 2048 0512 0713 0318 0434 0512 0492 0581 0359 0532 0443 0664 0477 B aaaaaaaaaaaaaaaaaaaaaaaa
0004 2048 0512 0309 0710 0592 0512 2048 0512 0715 0314 0432 0512 0490 0582 0353 0534 0442 0670 0477 B aaaaaaaaaaaaaaaaaaaaaaaa
0005 2048 0512 0306 0715 0594 0512 2048 0512 0718 0309 0430 0512 0488 0583 0346 0536 0441 0678 0477 B aaaaaaaaaaaaaaaaaaaaaaaa
0006 2048 0512 0302 0721 0596 0512 2048 0512 0722 0304 0428 0512 0486 0585 0338 0538 0439 0686 0477 B aaaaaaaaaaaaaaaaaaaaaaaa
0007 2048 0512 0299 0727 0599 0512 2048 0512 0725 0297 0425 0512 0484 0588 0329 0540 0436 0695 0477 B aaaaaaaaaaaaaaaaaaaaaaaa
0008 2048 0512 0295 0734 0602 0512 2048 0512 0729 0290 0422 0512 0481 0590 0320 0543 0434 0704 0477 B aaaaaaaaaaaaaaaaaaaaaaaa
0009 2048 0512 0290 0742 0605 0512 2048 0512 0734 0282 0419 0512 0480 0593 0310 0544 0431 0714 0477 B aaaaaaaaaaaaaaaaaaaaaaaa
0010 2048 0512 0285 0750 0609 0512 2048 0512 0739 0274 0415 0512 0478 0597 0300 0546 0427 0724 0477 B aaaaaaaaaaaaaaaaaaaaaaaa
0011 2048 0512 0280 0759 0612 0512 2048 0512 0744 0265 0412 0512 0477 0601 0289 0547 0423 0734 0477 B aaaaaaaaaaaaaaaaaaaaaaaa
0012 2048 0512 0274 0769 0616 0512 2048 0512 0750 0255 0408 0512 0476 0605 0279 0548 0419 0745 0477 B aaaaaaaaaaaaaaaaaaaaaaaa
0013 2048 0512 0268 0779 0620 0512 2048 0512 0756 0245 0404 0512 0476 0610 0269 0548 0414 0755 0477 B aaaaaaaaaaaaaaaaaaaaaaaa
0014 2048 0512 0261 0789 0623 0512 2048 0512 0763 0235 0401 0512 0476 0616 0259 0548 0408 0765 0477 B aaaaaaaaaaaaaaaaaaaaaaaa
0015 2048 0512 0254 0799 0627 0512 2048 0512 0769 0225 0397 0512 0477 0622 0249 0547 0402 0775 0477 B aaaaaaaaaaaaaaaaaaaaaaaa
0016 2048 0512 0248 0809 0631 0512 2048 0512 0776 0215 0393 0512 0479 0628 0240 0545 0396 0784 0477 B aaaaaaaaaaaaaaaaaaaaaaaa
0017 2048 0512 0241 0819 0634 0512 2048 0512 0783 0205 0390 0512 0482 0635 0233 0542 0389 0791 0477 B aaaaaaaaaaaaaaaaaaaaaaaa
0018 2048 0512 0234 0829 0637 0512 2048 0512 0790 0195 0387 0512 0486 0641 0226 0538 0383 0798 0477 B aaaaaaaaaaaaaaaaaaaaaaaa
0019 2048 0512 0228 0838 0639 0512 2048 0512 0796 0186 0385 0512 0490 0647 0221 0534 0377 0803 0477 B aaaaaaaaaaaaaaaaaaaaaaaa
0020 2048 0512 0222 0846 0641 0512 2048 0512 0801 0178 0383 0512 0494 0652 0217 0530 0372 0807 0477 B aaaaaaaaaaaaaaaaaaaaaaaa
0021 2048 0512 0217 0853 0643 0512 2048 0512 0807 0171 0381 0512 0499 0656 0214 0525 0368 0810 0477 B aaaaaaaaaaaaaaaaaaaaaaaa
0022 2048 0512 0212 0859 0645 0512 2048 0512 0812 0165 0379 0512 0504 0660 0211 0520 0364 0813 0477 B aaaaaaaaaaaaaaaaaaaaaaaa
0023 2048 0512 0208 0865 0646 0512 2048 0512 0816 0159 0378 0512 0509 0664 0210 0515 0360 0814 0477 B aaaaaaaaaaaaaaaaaaaaaaaa
0024 2048 0512 0204 0870 0647 0512 2048 0512 0820 0154 0377 0512 0513 0666 0208 0511 0358 0815 0477 B aaaaaaaaaaaaaaaaaaaaaaaa
0025 2048 0512 0200 0875 0648 0512 2048 0512 0824 0150 0376 0512 0518 0669 0208 0506 0355 0816 0477 B aaaaaaaaaaaaaaaaaaaaaaaa
0026 2048 0512 0197 0878 0649 0512 2048 0512 0827 0146 0375 0512 0522 0670 0207 0502 0354 0817 0477 B aaaaaaaaaaaaaaaaaaaaaaaa
0027 2048 0512 0194 0882 0649 0512 2048 0512 0830 0142 0375 0512 0525 0672 0207 0499 0352 0817 0477 B aaaaaaaaaaaaaaaaaaaaaaaa
0028 2048 0512 0192 0884 0650 0512 2048 0512 0832 0140 0374 0512 0529 0673 0207 0496 0351 0817 0477 B aaaaaaaaaaaaaaaaaaaaaaaa
0029 2048 0512 0190 0887 0650 0512 2048 0512 0834 0138 0374 0512 0531 0674 0207 0493 0350 0817 0477 B aaaaaaaaaaaaaaaaaaaaaaaa
0030 2048 0512 0189 0888 0650 0512 2048 0512 0835 0136 0374 0512 0533 0674 0207 0491 0350 0817 0477 B aaaaaaaaaaaaaaaaaaaaaaaa
0031 2048 0512 0188 0889 0650 0512 2048 0512 0836 0135 0374 0512 0534 0675 0207 0490 0349 0817 0477 B aaaaaaaaaaaaaaaaaaaaaaaa
0032 2048 0512 0187 0890 0651 0512 2048 0512 0836 0134 0373 0512 0535 0675 0207 0489 0349 0817 0477 B aaaaaaaaaaaaaaaaaaaaaaaa
0033 2048 0512 0187 0890 0651 0512 2048 0512 0836 0134 0373 0512 0535 0675 0207 0489 0349 0817 0477 B aaaaaaaaaaaaaaaaaaaaaaaa
0034 2048 0512 0188 0890 0651 0512 2048 0512 0837 0134 0374 0512 0535 0674 0206 0489 0350 0817 0477 B aaaaaaaaaaaaaaaaaaaaaaaa
0035 2049 0512 0188 0890 0651 0512 2049 0512 0837 0134 0374 0512 0536 0674 0205 0489 0350 0817 0478 B aaaaaaaaaaaaaaaaaaaaaaaa
0036 2050 0512 0188 0890 0651 0512 2050 0512 0837 0135 0374 0512 0538 0673 0202 0490 0351 0818 0478 B aaaaaaaaaaaaaaaaaaaaaaaa
0037 2051 0512 0188 0890 0651 0512 2051 0512 0836 0135 0374 0512 0540 0671 0198 0491 0352 0818 0479 B aaaaaaaaaaaaaaaaaaaaaaaa
0038 2053 0513 0187 0890 0651 0512 2053 0513 0836 0136 0374 0512 0544 0669 0193 0492 0354 0817 0480 B aaaaaaaaaaaaaaaaaaaaaaaa
0039 2056 0514 0187 0891 0651 0512 2056 0514 0836 0136 0375 0512 0548 0666 0188 0493 0356 0817 0482 B aaaaaaaaaaaaaaaaaaaaaaaa
0040 2059 0515 0187 0891 0651 0513 2059 0515 0835 0138 0376 0512 0554 0661 0183 0495 0359 0816 0483 B aaaaaaaaaaaaaaaaaaaaaaaa
0041 2063 0517 0187 0892 0651 0513 2063 0517 0835 0139 0376 0513 0562 0656 0177 0495 0363 0814 0485 B aaaaaaaaaaaaaaaaaaaaaaaa
0042 2068 0518 0186 0892 0652 0513 2068 0518 0834 0140 0377 0513 0570 0649 0172 0495 0368 0812 0488 B aaaaaaaaaaaaaaaaaaaaaaaa
0043 2073 0519 0186 0892 0652 0513 2073 0519 0834 0142 0378 0513 0579 0642 0168 0495 0373 0810 0490 B aaaaaaaaaaaaaaaaaaaaaaaa
0044 2079 0520 0186 0893 0652 0513 2079 0519 0834 0143 0380 0513 0589 0633 0165 0494 0380 0808 0494 B aaaaaaaaaaaaaaaaaaaaaaaa
0045 2086 0520 0187 0893 0653 0513 2085 0519 0834 0145 0381 0512 0600 0625 0164 0492 0386 0806 0498 B aaaaaaaaaaaaaaaaaaaaaaaa
0046 2092 0519 0187 0893 0653 0512 2092 0519 0834 0146 0383 0512 0612 0615 0164 0490 0393 0803 0502 B aaaaaaaaaaaaaaaaaaaaaaaa
0047 2099 0519 0187 0894 0653 0512 2099 0518 0835 0147 0385 0511 0625 0606 0166 0488 0400 0801 0507 B aaaaaaaaaaaaaaaaaaaaaaaa
0048 2107 0518 0187 0894 0654 0511 2106 0517 0835 0148 0387 0510 0639 0596 0171 0485 0407 0798 0512 B aaaaaaaaaaaaaaaaaaaaaaaa
0049 2114 0517 0186 0895 0654 0510 2113 0516 0836 0149 0389 0509 0654 0586 0179 0484 0413 0794 0518 B aaaaaaaaaaaaaaaaaaaaaaaa
0050 2122 0517 0186 0896 0655 0510 2120 0516 0837 0150 0390 0509 0669 0577 0189 0482 0418 0790 0522 B aaaaaaaaaaaaaaaaaaaaaaaa
0051 2129 0517 0185 0897 0656 0509 2127 0516 0838 0151 0392 0508 0684 0569 0202 0481 0422 0787 0527 B aaaaaaaaaaaaaaaaaaaaaaaa
0052 2135 0517 0184 0899 0656 0508 2133 0516 0838 0152 0393 0507 0700 0561 0217 0481 0426 0783 0531 B aaaaaaaaaaaaaaaaaaaaaaaa
0053 2142 0517 0184 0900 0657 0508 2139 0516 0839 0152 0395 0506 0714 0555 0234 0481 0429 0779 0535 B aaaaaaaaaaaaaaaaaaaaaaaa
0054 2147 0517 0183 0902 0657 0508 2145 0515 0840 0153 0396 0506 0727 0551 0251 0481 0431 0776 0538 B aaaaaaaaaaaaaaaaaaaaaaaa
0055 2153 0517 0182 0903 0658 0507 2150 0515 0841 0153 0397 0505 0739 0549 0268 0480 0433 0773 0541 B aaaaaaaaaaaaaaaaaaaaaaaa
0056 2158 0516 0182 0904 0659 0507 2155 0514 0842 0153 0398 0505 0750 0548 0283 0479 0436 0771 0545 B aaaaaaaaaaaaaaaaaaaaaaaa
0057 2163 0514 0182 0904 0659 0506 2160 0512 0843 0153 0399 0504 0760 0548 0297 0477 0438 0770 0548 B aaaaaaaaaaaaaaaaaaaaaaaa
0058 2167 0513 0181 0905 0660 0506 2164 0510 0845 0153 0400 0503 0769 0550 0309 0475 0440 0768 0551 B aaaaaaaaaaaaaaaaaaaaaaaa
0059 2172 0511 0181 0905 0660 0505 2168 0508 0846 0153 0401 0502 0777 0552 0320 0473 0443 0767 0554 B aaaaaaaaaaaaaaaaaaaaaaaa
0060 2176 0509 0181 0905 0661 0504 2172 0506 0847 0153 0402 0501 0784 0555 0329 0471 0445 0766 0557 B aaaaaaaaaaaaaaaaaaaaaaaa
0061 2179 0507 0181 0905 0661 0504 2175 0505 0849 0153 0403 0501 0789 0557 0336 0469 0447 0766 0560 B aaaaaaaaaaaaaaaaaaaaaaaa
0062 2182 0506 0181 0905 0661 0503 2178 0503 0850 0153 0404 0500 0794 0559 0341 0467 0449 0765 0562 B aaaaaaaaaaaaaaaaaaaaaaaa
0063 2185 0505 0181 0905 0661 0503 2180 0502 0851 0153 0405 0500 0797 0561 0345 0466 0450 0764 0563 B aaaaaaaaaaaaaaaaaaaaaaaa
0064 2186 0504 0181 0905 0662 0503 2181 0501 0851 0153 0405 0499 0799 0562 0348 0465 0451 0764 0564 B aaaaaaaaaaaaaaaaaaaaaaaa
0065 2187 0504 0181 0905 0662 0503 2182 0501 0851 0153 0406 0499 0800 0563 0350 0464 0452 0764 0565 B aaaaaaaaaaaaaaaaaaaaaaaa
0066 2187 0504 0181 0906 0662 0503 2182 0501 0851 0153 0405 0499 0801 0563 0350 0464 0452 0763 0565 B aaaaaaaaaaaaaaaaaaaaaaaa
0067 2187 0504 0181 0906 0662 0503 2182 0501 0851 0153 0405 0499 0800 0563 0350 0464 0452 0763 0565 B aaaaaaaaaaaaaaaaaaaaaaaa
0068 2186 0505 0181 0906 0662 0503 2181 0502 0851 0153 0405 0499 0799 0562 0349 0465 0452 0764 0564 B aaaaaaaaaaaaaaaaaaaaaaaa
0069 2186 0506 0181 0906 0662 0503 2181 0503 0850 0153 0405 0500 0798 0561 0348 0466 0452 0765 0564 B aaaaaaaaaaaaaaaaaaaaaaaa
0070 2185 0507 0181 0906 0661 0503 2180 0504 0850 0153 0405 0500 0797 0559 0346 0467 0452 0766 0563 B aaaaaaaaaaaaaaaaaaaaaaaa
0071 2183 0508 0181 0906 0661 0504 2179 0505 0849 0153 0404 0501 0795 0558 0344 0468 0453 0767 0563 B aaaaaaaaaaaaaaaaaaaaaaaa
0072 2182 0509 0181 0906 0661 0504 2178 0506 0848 0153 0404 0501 0793 0556 0341 0469 0453 0769 0562 B aaaaaaaaaaaaaaaaaaaaaaaa
0073 2181 0511 0181 0906 0661 0505 2176 0508 0847 0154 0403 0502 0790 0554 0338 0471 0453 0771 0561 B aaaaaaaaaaaaaaaaaaaaaaaa
0074 2179 0513 0180 0907 0661 0506 2175 0510 0846 0154 0402 0503 0787 0551 0335 0473 0454 0774 0559 B aaaaaaaaaaaaaaaaaaaaaaaa
0075 2177 0515 0180 0907 0660 0506 2173 0512 0845 0154 0402 0503 0784 0548 0331 0475 0454 0777 0558 B aaaaaaaaaaaaaaaaaaaaaaaa
0076 2175 0517 0180 0907 0660 0507 2171 0514 0844 0154 0401 0504 0780 0545 0326 0477 0455 0780 0556 B aaaaaaaaaaaaaaaaaaaaaaaa
0077 2173 0519 0180 0907 0660 0508 2169 0516 0843 0154 0400 0505 0776 0542 0321 0479 0455 0783 0554 B aaaaaaaaaaaaaaaaaaaaaaaa
0078 2171 0521 0180 0907 0660 0509 2167 0518 0841 0154 0399 0506 0772 0539 0316 0481 0456 0787 0552 B aaaaaaaaaaaaaaaaaaaaaaaa
0079 2168 0523 0180 0907 0659 0510 2164 0521 0840 0155 0398 0507 0767 0535 0310 0483 0457 0791 0550 B aaaaaaaaaaaaaaaaaaaaaaaa
0080 2166 0525 0180 0907 0659 0510 2162 0523 0839 0155 0398 0508 0762 0531 0304 0485 0458 0795 0547 B aaaaaaaaaaaaaaaaaaaaaaaa
0081 2163 0528 0179 0907 0659 0511 2159 0525 0837 0155 0397 0508 0757 0527 0297 0487 0458 0800 0545 B aaaaaaaaaaaaaaaaaaaaaaaa
0082 2161 0530 0179 0907 0658 0512 2157 0527 0836 0155 0396 0509 0752 0523 0290 0489 0460 0805 0542 B aaaaaaaaaaaaaaaaaaaaaaaa
0083 2158 0532 0179 0907 0658 0513 2154 0529 0835 0156 0395 0510 0746 0519 0283 0491 0461 0810 0539 B aaaaaaaaaaaaaaaaaaaaaaaa
0084 2155 0534 0179 0907 0658 0514 2151 0531 0834 0156 0394 0511 0740 0514 0274 0492 0462 0815 0536 B aaaaaaaaaaaaaaaaaaaaaaaa
0085 2152 0536 0179 0907 0657 0515 2148 0533 0832 0156 0393 0512 0733 0510 0266 0493 0464 0820 0532 B aaaaaaaaaaaaaaaaaaaaaaaa
0086 2149 0537 0179 0907 0657 0515 2145 0535 0831 0156 0393 0512 0726 0506 0257 0493 0465 0826 0529 B aaaaaaaaaaaaaaaaaaaaaaaa
0087 2145 0539 0179 0906 0656 0516 2141 0536 0830 0156 0392 0513 0719 0502 0247 0493 0467 0832 0525 B aaaaaaaaaaaaaaaaaaaaaaaa
0088 2141 0540 0179 0905 0656 0517 2137 0537 0830 0156 0391 0514 0712 0498 0238 0493 0469 0838 0521 B aaaaaaaaaaaaaaaaaaaaaaaa
0089 2137 0540 0179 0905 0655 0517 2133 0538 0829 0156 0391 0514 0704 0494 0227 0491 0472 0844 0517 B aaaaaaaaaaaaaaaaaaaaaaaa
0090 2133 0541 0179 0904 0654 0517 2129 0538 0829 0156 0390 0514 0696 0490 0217 0489 0474 0849 0513 B aaaaaaaaaaaaaaaaaaaaaaaa
0091 2128 0540 0179 0903 0653 0517 2124 0538 0828 0156 0389 0515 0687 0487 0206 0486 0477 0855 0509 B aaaaaaaaaaaaaaaaaaaaaaaa
0092 2122 0539 0180 0901 0653 0517 2118 0537 0829 0155 0389 0515 0678 0485 0196 0482 0480 0861 0505 B aaaaaaaaaaaaaaaaaaaaaaaa
0093 2115 0538 0180 0900 0652 0517 2112 0536 0829 0155 0388 0515 0669 0483 0185 0478 0483 0867 0501 B aaaaaaaaaaaaaaaaaaaaaaaa
0094 2107 0536 0180 0898 0650 0517 2105 0534 0830 0154 0387 0515 0659 0482 0175 0472 0487 0873 0496 B aaaaaaaaaaaaaaaaaaaaaaaa
0095 2098 0533 0181 0896 0649 0516 2097 0532 0831 0152 0386 0515 0648 0482 0166 0465 0491 0878 0491 B aaaaaaaaaaaaaaaaaaaaaaaa
0096 2088 0529 0182 0893 0647 0515 2087 0529 0832 0150 0385 0514 0638 0482 0157 0457 0495 0882 0487 B aaaaaaaaaaaaaaaaaaaaaaaa
0097 2077 0525 0182 0891 0646 0514 2077 0525 0833 0148 0384 0514 0627 0484 0151 0448 0499 0886 0482 B aaaaaaaaaaaaaaaaaaaaaaaa
0098 2066 0522 0183 0888 0644 0514 2065 0521 0834 0146 0383 0514 0617 0487 0146 0438 0504 0887 0477 B aaaaaaaaaaaaaaaaaaaaaaaa
0099 2054 0518 0184 0885 0643 0513 2054 0518 0836 0144 0382 0513 0606 0491 0143 0428 0507 0888 0472 B aaaaaaaaaaaaaaaaaaaaaaaa
0100 2042 0514 0185 0883 0641 0513 2042 0514 0837 0141 0381 0513 0597 0496 0141 0417 0511 0886 0467 B aaaaaaaaaaaaaaaaaaaaaaaa
0101 2031 0511 0186 0880 0640 0512 2031 0511 0838 0139 0379 0512 0587 0501 0141 0406 0514 0883 0462 B aaaaaaaaaaaaaaaaaaaaaaaa
0102 2021 0508 0187 0878 0639 0512 2020 0508 0839 0137 0378 0512 0579 0506 0142 0395 0516 0877 0457 B aaaaaaaaaaaaaaaaaaaaaaaa
0103 2010 0506 0188 0876 0637 0512 2010 0505 0839 0134 0377 0512 0570 0512 0145 0384 0517 0871 0453 B aaaaaaaaaaaaaaaaaaaaaaaa
0104 2001 0503 0189 0875 0636 0512 2000 0503 0840 0132 0375 0511 0563 0518 0148 0373 0519 0862 0448 B aaaaaaaaaaaaaaaaaaaaaaaa
0105 1993 0501 0189 0873 0635 0512 1992 0500 0841 0130 0374 0511 0557 0524 0152 0363 0519 0853 0445 B aaaaaaaaaaaaaaaaaaaaaaaa
0106 1985 0499 0190 0872 0635 0512 1984 0498 0841 0128 0373 0511 0551 0530 0157 0353 0519 0843 0441 B aaaaaaaaaaaaaaaaaaaaaaaa
0107 1978 0498 0190 0871 0634 0512 1977 0497 0842 0126 0372 0511 0546 0535 0163 0343 0518 0833 0438 B aaaaaaaaaaaaaaaaaaaaaaaa
0108 1972 0497 0190 0871 0633 0512 1970 0496 0842 0125 0371 0510 0543 0540 0168 0334 0517 0822 0434 B aaaaaaaaaaaaaaaaaaaaaaaa
0109 1967 0496 0190 0870 0632 0512 1964 0495 0843 0123 0370 0510 0539 0545 0174 0326 0516 0811 0431 B aaaaaaaaaaaaaaaaaaaaaaaa
0110 1962 0496 0190 0870 0632 0513 1959 0494 0843 0122 0369 0511 0537 0548 0180 0317 0514 0800 0428 B aaaaaaaaaaaaaaaaaaaaaaaa
0111 1957 0496 0190 0870 0631 0513 1954 0495 0843 0121 0368 0511 0535 0552 0186 0309 0512 0789 0425 B aaaaaaaaaaaaaaaaaaaaaaaa
0112 1953 0497 0189 0869 0630 0513 1950 0495 0843 0120 0368 0511 0534 0555 0192 0302 0509 0778 0422 B aaaaaaaaaaaaaaaaaaaaaaaa
0113 1949 0498 0188 0869 0630 0514 1946 0496 0844 0120 0367 0512 0534 0558 0197 0294 0506 0768 0420 B aaaaaaaaaaaaaaaaaaaaaaaa
0114 1946 0499 0187 0869 0629 0515 1942 0497 0844 0119 0367 0512 0534 0560 0203 0287 0503 0759 0417 B aaaaaaaaaaaaaaaaaaaaaaaa
0115 1943 0500 0187 0870 0628 0515 1939 0498 0844 0119 0366 0513 0535 0562 0209 0281 0500 0750 0414 B aaaaaaaaaaaaaaaaaaaaaaaa
0116 1939 0502 0185 0870 0627 0516 1936 0499 0844 0118 0366 0513 0536 0564 0214 0275 0497 0741 0412 B aaaaaaaaaaaaaaaaaaaaaaaa
0117 1936 0503 0184 0870 0626 0517 1933 0501 0844 0118 0365 0514 0537 0566 0219 0269 0493 0733 0409 B aaaaaaaaaaaaaaaaaaaaaaaa
0118 1934 0505 0183 0870 0626 0517 1930 0503 0843 0118 0365 0515 0539 0567 0224 0264 0490 0725 0407 B aaaaaaaaaaaaaaaaaaaaaaaa
0119 1931 0507 0182 0870 0625 0518 1927 0505 0843 0118 0364 0516 0541 0568 0228 0258 0486 0718 0405 B aaaaaaaaaaaaaaaaaaaaaaaa
0120 1928 0509 0181 0870 0624 0519 1925 0506 0843 0118 0364 0516 0543 0569 0232 0254 0483 0712 0403 B aaaaaaaaaaaaaaaaaaaaaaaa
0121 1926 0511 0180 0870 0623 0520 1922 0508 0843 0118 0364 0517 0545 0570 0236 0249 0480 0706 0401 B aaaaaaaaaaaaaaaaaaaaaaaa
0122 1924 0513 0179 0870 0623 0521 1920 0510 0843 0118 0364 0518 0547 0570 0240 0245 0477 0701 0399 B aaaaaaaaaaaaaaaaaaaaaaaa
0123 1922 0514 0178 0870 0622 0521 1917 0512 0843 0118 0363 0518 0549 0571 0244 0241 0474 0696 0397 B aaaaaaaaaaaaaaaaaaaaaaaa
0124 1920 0516 0177 0870 0621 0522 1915 0513 0843 0118 0363 0519 0551 0571 0247 0238 0472 0692 0396 B aaaaaaaaaaaaaaaaaaaaaaaa
0125 1918 0518 0176 0871 0621 0523 1913 0515 0843 0118 0363 0519 0552 0571 0249 0235 0469 0688 0395 B aaaaaaaaaaaaaaaaaaaaaaaa
0126 1916 0519 0175 0871 0620 0523 1912 0516 0843 0118 0363 0520 0554 0572 0252 0232 0467 0685 0393 B aaaaaaaaaaaaaaaaaaaaaaaa
0127 1915 0520 0174 0871 0619 0524 1910 0517 0843 0118 0362 0520 0556 0572 0254 0230 0465 0682 0392 B aaaaaaaaaaaaaaaaaaaaaaaa
0128 1914 0522 0174 0871 0619 0524 1909 0518 0842 0118 0362 0521 0557 0572 0256 0228 0464 0679 0392 B aaaaaaaaaaaaaaaaaaaaaaaa
0129 1913 0522 0173 0871 0619 0524 1908 0519 0842 0118 0362 0521 0558 0572 0257 0226 0462 0678 0391 B aaaaaaaaaaaaaaaaaaaaaaaa
0130 1912 0523 0173 0871 0618 0525 1907 0520 0842 0118 0362 0521 0559 0572 0259 0225 0461 0676 0390 B aaaaaaaaaaaaaaaaaaaaaaaa
0131 1912 0523 0173 0871 0618 0525 1907 0520 0842 0118 0362 0521 0559 0572 0259 0224 0461 0675 0390 B aaaaaaaaaaaaaaaaaaaaaaaa
0132 1911 0524 0173 0870 0618 0525 1906 0520 0842 0118 0362 0521 0560 0572 0260 0224 0461 0675 0390 B aaaaaaaaaaaaaaaaaaaaaaaa
0133 1911 0523 0173 0870 0618 0525 1906 0520 0842 0118 0362 0521 0560 0572 0260 0224 0461 0675 0390 B aaaaaaaaaaaaaaaaaaaaaaaa
0134 1912 0523 0173 0870 0618 0525 1907 0520 0842 0118 0362 0521 0559 0572 0260 0225 0461 0676 0390 B aaaaaaaaaaaaaaaaaaaaaaaa
0135 1914 0522 0174 0871 0619 0524 1909 0519 0843 0118 0362 0521 0558 0573 0260 0227 0463 0678 0391 B aaaaaaaaaaaaaaaaaaaaaaaa
0136 1916 0520 0175 0871 0620 0524 1911 0517 0843 0118 0362 0520 0557 0575 0260 0230 0465 0681 0393 B aaaaaaaaaaaaaaaaaaaaaaaa
0137 1919 0518 0176 0871 0621 0523 1915 0515 0843 0118 0363 0520 0555 0577 0260 0234 0468 0686 0395 B aaaaaaaaaaaaaaaaaaaaaaaa
0138 1923 0516 0177 0871 0622 0522 1919 0513 0843 0118 0363 0519 0552 0579 0259 0239 0471 0692 0398 B aaaaaaaaaaaaaaaaaaaaaaaa
0139 1927 0513 0179 0871 0623 0521 1923 0511 0843 0118 0364 0518 0549 0582 0259 0245 0475 0699 0401 B aaaaaaaaaaaaaaaaaaaaaaaa
0140 1932 0510 0181 0871 0625 0520 1928 0508 0843 0118 0364 0517 0546 0585 0258 0252 0479 0707 0405 B aaaaaaaaaaaaaaaaaaaaaaaa
0141 1937 0507 0183 0871 0626 0519 1933 0505 0843 0118 0365 0516 0543 0588 0258 0260 0482 0717 0409 B aaaaaaaaaaaaaaaaaaaaaaaa
0142 1942 0504 0185 0871 0627 0518 1939 0502 0843 0118 0365 0515 0540 0592 0257 0268 0486 0728 0413 B aaaaaaaaaaaaaaaaaaaaaaaa
0143 1947 0502 0186 0870 0629 0517 1944 0500 0844 0119 0366 0514 0537 0596 0256 0278 0489 0740 0418 B aaaaaaaaaaaaaaaaaaaaaaaa
0144 1953 0499 0188 0870 0630 0516 1950 0497 0844 0119 0367 0513 0533 0599 0254 0288 0491 0754 0423 B aaaaaaaaaaaaaaaaaaaaaaaa
0145 1958 0497 0190 0870 0632 0515 1955 0495 0844 0120 0367 0513 0531 0603 0252 0300 0492 0769 0428 B aaaaaaaaaaaaaaaaaaaaaaaa
0146 1964 0495 0191 0870 0633 0514 1961 0494 0843 0120 0368 0512 0529 0607 0250 0312 0491 0784 0433 B aaaaaaaaaaaaaaaaaaaaaaaa
0147 1970 0494 0192 0870 0634 0513 1967 0493 0843 0121 0369 0511 0527 0612 0248 0325 0488 0800 0438 B aaaaaaaaaaaaaaaaaaaaaaaa
0148 1976 0493 0193 0871 0636 0512 1973 0492 0843 0123 0369 0510 0526 0616 0245 0339 0482 0816 0443 B aaaaaaaaaaaaaaaaaaaaaaaa
0149 1982 0493 0194 0871 0637 0511 1980 0492 0842 0124 0370 0510 0525 0620 0242 0353 0472 0830 0447 B aaaaaaaaaaaaaaaaaaaaaaaa
0150 1988 0493 0194 0872 0638 0511 1986 0492 0842 0125 0371 0509 0525 0625 0239 0367 0461 0841 0451 B aaaaaaaaaaaaaaaaaaaaaaaa
0151 1995 0493 0195 0873 0640 0510 1993 0492 0841 0126 0371 0509 0524 0630 0236 0381 0448 0850 0455 B aaaaaaaaaaaaaaaaaaaaaaaa
0152 2001 0493 0195 0874 0641 0509 1999 0492 0841 0127 0372 0508 0524 0635 0233 0395 0435 0855 0459 B aaaaaaaaaaaaaaaaaaaaaaaa
0153 2007 0492 0195 0875 0643 0509 2005 0491 0841 0128 0372 0507 0523 0640 0231 0407 0422 0858 0462 B aaaaaaaaaaaaaaaaaaaaaaaa
0154 2012 0492 0195 0876 0644 0508 2011 0491 0841 0128 0372 0507 0522 0646 0229 0418 0410 0858 0466 B aaaaaaaaaaaaaaaaaaaaaaaa
0155 2017 0492 0195 0877 0646 0508 2015 0492 0841 0128 0372 0507 0521 0651 0227 0428 0400 0857 0469 B aaaaaaaaaaaaaaaaaaaaaaaa
0156 2021 0493 0195 0879 0647 0507 2020 0492 0841 0129 0373 0507 0520 0656 0225 0437 0391 0854 0472 B aaaaaaaaaaaaaaaaaaaaaaaa
0157 2025 0493 0195 0880 0648 0507 2024 0493 0841 0129 0373 0507 0520 0661 0223 0445 0382 0851 0474 B aaaaaaaaaaaaaaaaaaaaaaaa
0158 2029 0494 0194 0881 0648 0507 2028 0494 0841 0129 0373 0507 0520 0665 0221 0452 0375 0847 0476 B aaaaaaaaaaaaaaaaaaaaaaaa
0159 2032 0496 0194 0882 0649 0508 2031 0495 0841 0130 0373 0507 0520 0668 0220 0459 0369 0842 0478 B aaaaaaaaaaaaaaaaaaaaaaaa
0160 2035 0497 0193 0884 0650 0508 2034 0497 0841 0130 0373 0507 0521 0671 0218 0465 0364 0838 0479 B aaaaaaaaaaaaaaaaaaaaaaaa
0161 2038 0499 0192 0885 0650 0508 2037 0499 0840 0130 0373 0508 0522 0674 0216 0470 0360 0833 0480 B aaaaaaaaaaaaaaaaaaaaaaaa
0162 2040 0501 0191 0886 0650 0509 2040 0501 0840 0131 0373 0509 0524 0675 0215 0474 0357 0829 0480 B aaaaaaaaaaaaaaaaaaaaaaaa
0163 2042 0503 0190 0887 0650 0509 2042 0503 0839 0132 0373 0509 0526 0676 0213 0478 0354 0825 0480 B aaaaaaaaaaaaaaaaaaaaaaaa
0164 2044 0505 0190 0887 0650 0510 2044 0505 0839 0132 0373 0510 0528 0676 0212 0481 0352 0822 0480 B aaaaaaaaaaaaaaaaaaaaaaaa
0165 2045 0507 0189 0888 0651 0510 2045 0507 0838 0133 0373 0510 0530 0676 0211 0484 0351 0820 0479 B aaaaaaaaaaaaaaaaaaaaaaaa
0166 2046 0509 0189 0889 0651 0511 2046 0509 0837 0133 0373 0511 0532 0676 0209 0486 0351 0819 0478 B aaaaaaaaaaaaaaaaaaaaaaaa
0167 2047 0510 0188 0889 0651 0511 2047 0510 0837 0134 0374 0511 0533 0676 0209 0487 0350 0818 0478 B aaaaaaaaaaaaaaaaaaaaaaaa
0168 2047 0511 0188 0889 0651 0512 2047 0511 0837 0134 0374 0512 0533 0675 0208 0488 0350 0818 0478 B aaaaaaaaaaaaaaaaaaaaaaaa
0169 2047 0511 0188 0889 0650 0512 2047 0511 0836 0134 0374 0512 0534 0675 0208 0488 0350 0817 0477 B aaaaaaaaaaaaaaaaaaaaaaaa
0170 2048 0511 0188 0889 0650 0512 2048 0511 0836 0135 0374 0512 0534 0675 0208 0489 0350 0817 0477 B aaaaaaaaaaaaaaaaaaaaaaaa
0171 2048 0512 0188 0889 0650 0512 2048 0512 0836 0135 0374 0512 0534 0675 0207 0490 0350 0817 0477 B aaaaaaaaaaaaaaaaaaaaaaaa
0172 2048 0512 0189 0888 0650 0512 2048 0512 0836 0135 0374 0512 0533 0674 0207 0490 0350 0817 0477 B aaaaaaaaaaaaaaaaaaaaaaaa
0173 2048 0512 0189 0888 0650 0512 2048 0512 0835 0136 0374 0512 0533 0674 0207 0491 0350 0817 0477 B aaaaaaaaaaaaaaaaaaaaaaaa
0174 2048 0512 0189 0888 0650 0512 2048 0512 0835 0136 0374 0512 0532 0674 0207 0491 0350 0817 0477 B aaaaaaaaaaaaaaaaaaaaaaaa
0175 2048 0512 0190 0887 0650 0512 2048 0512 0834 0137 0374 0512 0532 0674 0207 0492 0350 0817 0477 B aaaaaaaaaaaaaaaaaaaaaaaa
0176 2048 0512 0190 0887 0650 0512 2048 0512 0834 0138 0374 0512 0531 0674 0207 0493 0350 0817 0477 B aaaaaaaaaaaaaaaaaaaaaaaa
0177 2048 0512 0191 0886 0650 0512 2048 0512 0833 0138 0374 0512 0530 0673 0207 0494 0351 0817 0477 B aaaaaaaaaaaaaaaaaaaaaaaa
0178 2048 0512 0191 0885 0650 0512 2048 0512 0833 0139 0374 0512 0529 0673 0207 0495 0351 0817 0477 B aaaaaaaaaaaaaaaaaaaaaaaa
0179 2048 0512 0192 0884 0650 0512 2048 0512 0832 0140 0374 0512 0529 0673 0207 0495 0351 0817 0477 B aaaaaaaaaaaaaaaaaaaaaaaa
0180 2048 0512 0193 0884 0650 0512 2048 0512 0831 0141 0374 0512 0528 0673 0207 0496 0351 0817 0477 B aaaaaaaaaaaaaaaaaaaaaaaa
0181 2048 0512 0193 0883 0649 0512 2048 0512 0830 0141 0375 0512 0527 0672 0207 0497 0352 0817 0477 B aaaaaaaaaaaaaaaaaaaaaaaa
0182 2048 0512 0194 0882 0649 0512 2048 0512 0830 0142 0375 0512 0526 0672 0207 0499 0352 0817 0477 B aaaaaaaaaaaaaaaaaaaaaaaa
0183 2048 0512 0195 0881 0649 0512 2048 0512 0829 0143 0375 0512 0524 0671 0207 0500 0353 0817 0477 B aaaaaaaaaaaaaaaaaaaaaaaa
0184 2048 0512 0196 0880 0649 0512 2048 0512 0828 0144 0375 0512 0523 0671 0207 0501 0353 0817 0477 B aaaaaaaaaaaaaaaaaaaaaaaa
0185 2048 0512 0197 0879 0649 0512 2048 0512 0827 0146 0375 0512 0522 0670 0207 0502 0354 0816 0477 B aaaaaaaaaaaaaaaaaaaaaaaa
0186 2048 0512 0198 0877 0649 0512 2048 0512 0826 0147 0376 0512 0521 0670 0207 0503 0354 0816 0477 B aaaaaaaaaaaaaaaaaaaaaaaa
0187 2048 0512 0199 0876 0648 0512 2048 0512 0825 0148 0376 0512 0519 0669 0208 0505 0355 0816 0477 B aaaaaaaaaaaaaaaaaaaaaaaa
0188 2048 0512 0200 0875 0648 0512 2048 0512 0824 0149 0376 0512 0518 0669 0208 0506 0355 0816 0477 B aaaaaaaaaaaaaaaaaaaaaaaa
0189 2048 0512 0201 0873 0648 0512 2048 0512 0823 0151 0376 0512 0517 0668 0208 0507 0356 0816 0477 B aaaaaaaaaaaaaaaaaaaaaaaa
0190 2048 0512 0202 0872 0647 0512 2048 0512 0822 0152 0377 0512 0515 0667 0208 0509 0357 0816 0477 B aaaaaaaaaaaaaaaaaaaaaaaa
0191 2048 0512 0204 0870 0647 0512 2048 0512 0820 0154 0377 0512 0514 0666 0208 0510 0358 0815 0477 B aaaaaaaaaaaaaaaaaaaaaaaa
0192 2048 0512 0205 0869 0647 0512 2048 0512 0819 0155 0377 0512 0512 0666 0209 0512 0358 0815 0477 B aaaaaaaaaaaaaaaaaaaaaaaa
0193 2048 0512 0206 0867 0646 0512 2048 0512 0818 0157 0378 0512 0511 0665 0209 0513 0359 0815 0477 B aaaaaaaaaaaaaaaaaaaaaaaa
0194 2048 0512 0207 0865 0646 0512 2048 0512 0816 0159 0378 0512 0509 0664 0210 0515 0360 0814 0477 B aaaaaaaaaaaaaaaaaaaaaaaa
0195 2048 0512 0209 0864 0646 0512 2048 0512 0815 0161 0378 0512 0508 0663 0210 0516 0361 0814 0477 B aaaaaaaaaaaaaaaaaaaaaaaa
0196 2048 0512 0210 0862 0645 0512 2048 0512 0814 0162 0379 0512 0506 0662 0211 0518 0362 0813 0477 B aaaaaaaaaaaaaaaaaaaaaaaa
0197 2048 0512 0212 0860 0645 0512 2048 0512 0812 0164 0379 0512 0505 0660 0211 0520 0364 0812 0477 B aaaaaaaaaaaaaaaaaaaaaaaa
0198 2048 0512 0213 0858 0644 0512 2048 0512 0811 0166 0380 0512 0503 0659 0212 0521 0365 0812 0477 B aaaaaaaaaaaaaaaaaaaaaaaa
0199 2048 0512 0215 0856 0644 0512 2048 0512 0809 0169 0380 0512 0501 0658 0213 0523 0366 0811 0477 B aaaaaaaaaaaaaaaaaaaaaaaa
0200 2048 0512 0217 0853 0643 0512 2048 0512 0807 0171 0381 0512 0500 0657 0214 0524 0367 0810 0477 B aaaaaaaaaaaaaaaaaaaaaaaa
0201 2048 0512 0218 0851 0643 0512 2048 0512 0806 0173 0381 0512 0498 0655 0215 0526 0369 0809 0477 B aaaaaaaaaaaaaaaaaaaaaaaa
0202 2048 0512 0220 0849 0642 0512 2048 0512 0804 0175 0382 0512 0497 0654 0216 0527 0370 0808 0477 B aaaaaaaaaaaaaaaaaaaaaaaa
0203 2048 0512 0222 0846 0642 0512 2048 0512 0802 0178 0383 0512 0495 0652 0217 0529 0372 0807 0477 B aaaaaaaaaaaaaaaaaaaaaaaa
0204 2048 0512 0224 0844 0641 0512 2048 0512 0800 0180 0383 0512 0494 0651 0218 0530 0373 0806 0477 B aaaaaaaaaaaaaaaaaaaaaaaa
0205 2048 0512 0226 0841 0640 0512 2048 0512 0798 0183 0384 0512 0492 0649 0219 0532 0375 0804 0477 B aaaaaaaaaaaaaaaaaaaaaaaa
0206 2048 0512 0228 0839 0639 0512 2048 0512 0796 0186 0385 0512 0491 0647 0221 0533 0377 0803 0477 B aaaaaaaaaaaaaaaaaaaaaaaa
0207 2048 0512 0230 0836 0639 0512 2048 0512 0794 0188 0385 0512 0489 0645 0222 0535 0379 0801 0477 B aaaaaaaaaaaaaaaaaaaaaaaa
0208 2048 0512 0232 0833 0638 0512 2048 0512 0792 0191 0386 0512 0488 0644 0224 0536 0380 0800 0477 B aaaaaaaaaaaaaaaaaaaaaaaa
0209 2048 0512 0234 0830 0637 0512 2048 0512 0790 0194 0387 0512 0487 0642 0226 0537 0382 0798 0477 B aaaaaaaaaaaaaaaaaaaaaaaa
0210 2048 0512 0236 0827 0636 0512 2048 0512 0788 0197 0388 0512 0485 0640 0228 0539 0384 0796 0477 B aaaaaaaaaaaaaaaaaaaaaaaa
0211 2048 0512 0238 0824 0635 0512 2048 0512 0786 0200 0389 0512 0484 0638 0230 0540 0386 0794 0477 B aaaaaaaaaaaaaaaaaaaaaaaa
0212 2048 0512 0240 0821 0634 0512 2048 0512 0784 0203 0390 0512 0483 0636 0232 0541 0388 0792 0477 B aaaaaaaaaaaaaaaaaaaaaaaa
0213 2048 0512 0242 0817 0633 0512 2048 0512 0782 0207 0391 0512 0482 0633 0234 0542 0390 0789 0477 B aaaaaaaaaaaaaaaaaaaaaaaa
0214 2048 0512 0245 0814 0632 0512 2048 0512 0779 0210 0392 0512 0481 0631 0237 0543 0393 0787 0477 B aaaaaaaaaaaaaaaaaaaaaaaa
0215 2048 0512 0247 0811 0631 0512 2048 0512 0777 0213 0393 0512 0480 0629 0239 0544 0395 0784 0477 B aaaaaaaaaaaaaaaaaaaaaaaa
0216 2048 0512 0249 0808 0630 0512 2048 0512 0775 0216 0394 0512 0479 0627 0242 0545 0397 0782 0477 B aaaaaaaaaaaaaaaaaaaaaaaa
0217 2048 0512 0251 0804 0629 0512 2048 0512 0773 0220 0395 0512 0479 0625 0245 0545 0399 0779 0477 B aaaaaaaaaaaaaaaaaaaaaaaa
0218 2048 0512 0253 0801 0628 0512 2048 0512 0771 0223 0396 0512 0478 0623 0248 0546 0401 0776 0477 B aaaaaaaaaaaaaaaaaaaaaaaa
0219 2048 0512 0256 0798 0626 0512 2048 0512 0768 0226 0398 0512 0477 0621 0251 0547 0403 0773 0477 B aaaaaaaaaaaaaaaaaaaaaaaa
0220 2048 0512 0258 0794 0625 0512 2048 0512 0766 0230 0399 0512 0477 0619 0254 0547 0405 0770 0477 B aaaaaaaaaaaaaaaaaaaaaaaa
0221 2048 0512 0260 0791 0624 0512 2048 0512 0764 0233 0400 0512 0477 0617 0257 0547 0407 0767 0477 B aaaaaaaaaaaaaaaaaaaaaaaa
0222 2048 0512 0262 0787 0623 0512 2048 0512 0762 0237 0401 0512 0476 0615 0260 0548 0409 0764 0477 B aaaaaaaaaaaaaaaaaaaaaaaa
0223 2048 0512 0264 0784 0622 0512 2048 0512 0760 0240 0402 0512 0476 0613 0264 0548 0411 0760 0477 B aaaaaaaaaaaaaaaaaaaaaaaa
0224 2048 0512 0266 0781 0620 0512 2048 0512 0758 0243 0404 0512 0476 0612 0267 0548 0412 0757 0477 B aaaaaaaaaaaaaaaaaaaaaaaa
0225 2048 0512 0269 0777 0619 0512 2048 0512 0755 0247 0405 0512 0476 0610 0270 0548 0414 0754 0477 B aaaaaaaaaaaaaaaaaaaaaaaa
0226 2048 0512 0271 0774 0618 0512 2048 0512 0753 0250 0406 0512 0476 0608 0274 0548 0416 0750 0477 B aaaaaaaaaaaaaaaaaaaaaaaa
0227 2048 0512 0273 0771 0617 0512 2048 0512 0751 0253 0407 0512 0476 0606 0277 0548 0417 0747 0477 B aaaaaaaaaaaaaaaaaaaaaaaa
0228 2048 0512 0275 0768 0615 0512 2048 0512 0749 0256 0409 0512 0476 0605 0280 0548 0419 0743 0477 B aaaaaaaaaaaaaaaaaaaaaaaa
0229 2048 0512 0276 0764 0614 0512 2048 0512 0748 0260 0410 0512 0476 0603 0284 0548 0421 0740 0477 B aaaaaaaaaaaaaaaaaaaaaaaa
0230 2048 0512 0278 0761 0613 0512 2048 0512 0746 0263 0411 0512 0477 0602 0287 0547 0422 0737 0477 B aaaaaaaaaaaaaaaaaaaaaaaa
0231 2048 0512 0280 0758 0612 0512 2048 0512 0744 0266 0412 0512 0477 0600 0291 0547 0423 0733 0477 B aaaaaaaaaaaaaaaaaaaaaaaa
0232 2048 0512 0282 0755 0611 0512 2048 0512 0742 0269 0413 0512 0477 0599 0294 0547 0425 0730 0477 B aaaaaaaaaaaaaaaaaaaaaaaa
0233 2048 0512 0284 0752 0610 0512 2048 0512 0740 0272 0414 0512 0478 0598 0298 0546 0426 0726 0477 B aaaaaaaaaaaaaaaaaaaaaaaa
0234 2048 0512 0285 0750 0608 0512 2048 0512 0739 0274 0416 0512 0478 0597 0301 0546 0427 0723 0477 B aaaaaaaaaaaaaaaaaaaaaaaa
0235 2048 0512 0287 0747 0607 0512 2048 0512 0737 0277 0417 0512 0479 0595 0304 0545 0429 0720 0477 B aaaaaaaaaaaaaaaaaaaaaaaa
0236 2048 0512 0289 0744 0606 0512 2048 0512 0735 0280 0418 0512 0479 0594 0308 0545 0430 0716 0477 B aaaaaaaaaaaaaaaaaaaaaaaa
0237 2048 0512 0290 0741 0605 0512 2048 0512 0734 0283 0419 0512 0480 0593 0311 0544 0431 0713 0477 B aaaaaaaaaaaaaaaaaaaaaaaa
0238 2048 0512 0292 0739 0604 0512 2048 0512 0732 0285 0420 0512 0480 0592 0314 0543 0432 0710 0477 B aaaaaaaaaaaaaaaaaaaaaaaa
0239 2048 0512 0293 0736 0603 0512 2048 0512 0731 0288 0421 0512 0481 0591 0318 0543 0433 0706 0477 B aaaaaaaaaaaaaaaaaaaaaaaa
0240 2048 0512 0295 0734 0602 0512 2048 0512 0729 0290 0422 0512 0482 0590 0321 0542 0434 0703 0477 B aaaaaaaaaaaaaaaaaaaaaaaa
0241 2048 0512 0296 0731 0601 0512 2048 0512 0728 0293 0423 0512 0482 0589 0324 0542 0435 0700 0477 B aaaaaaaaaaaaaaaaaaaaaaaa
0242 2048 0512 0298 0729 0600 0512 2048 0512 0726 0295 0424 0512 0483 0588 0327 0541 0436 0697 0477 B aaaaaaaaaaaaaaaaaaaaaaaa
0243 2048 0512 0299 0727 0599 0512 2048 0512 0725 0297 0425 0512 0484 0587 0330 0540 0436 0694 0477 B aaaaaaaaaaaaaaaaaaaaaaaa
0244 2048 0512 0300 0724 0598 0512 2048 0512 0724 0300 0426 0512 0484 0587 0333 0539 0437 0691 0477 B aaaaaaaaaaaaaaaaaaaaaaaa
0245 2048 0512 0301 0722 0597 0512 2048 0512 0723 0302 0427 0512 0485 0586 0336 0539 0438 0688 0477 B aaaaaaaaaaaaaaaaaaaaaaaa
0246 2048 0512 0303 0720 0596 0512 2048 0512 0721 0304 0428 0512 0486 0585 0339 0538 0439 0685 0477 B aaaaaaaaaaaaaaaaaaaaaaaa
0247 2048 0512 0304 0718 0595 0512 2048 0512 0720 0306 0429 0512 0487 0585 0341 0537 0439 0682 0477 B aaaaaaaaaaaaaaaaaaaaaaaa
0248 2048 0512 0305 0716 0594 0512 2048 0512 0719 0308 0430 0512 0487 0584 0344 0537 0440 0680 0477 B aaaaaaaaaaaaaaaaaaaaaaaa
0249 2048 0512 0306 0715 0594 0512 2048 0512 0718 0309 0430 0512 0488 0583 0347 0536 0441 0677 0477 B aaaaaaaaaaaaaaaaaaaaaaaa
0250 2048 0512 0307 0713 0593 0512 2048 0512 0717 0311 0431 0512 0489 0583 0349 0535 0441 0675 0477 B aaaaaaaaaaaaaaaaaaaaaaaa
0251 2048 0512 0308 0711 0592 0512 2048 0512 0716 0313 0432 0512 0489 0582 0351 0535 0442 0672 0477 B aaaaaaaaaaaaaaaaaaaaaaaa
0252 2048 0512 0309 0710 0592 0512 2048 0512 0715 0314 0432 0512 0490 0582 0354 0534 0442 0670 0477 B aaaaaaaaaaaaaaaaaaaaaaaa
0253 2048 0512 0309 0708 0591 0512 2048 0512 0715 0316 0433 0512 0490 0581 0356 0533 0443 0668 0477 B aaaaaaaaaaaaaaaaaaaaaaaa
0254 2048 0512 0310 0707 0590 0512 2048 0512 0714 0317 0434 0512 0491 0581 0358 0533 0443 0666 0477 B aaaaaaaaaaaaaaaaaaaaaaaa
0255 2048 0512 0311 0706 0590 0512 2048 0512 0713 0318 0434 0512 0492 0581 0360 0532 0443 0664 0477 B aaaaaaaaaaaaaaaaaaaaaaaa
0256 2048 0512 0311 0705 0589 0512 2048 0512 0713 0319 0435 0512 0492 0580 0361 0532 0444 0663 0477 B aaaaaaaaaaaaaaaaaaaaaaaa
0257 2048 0512 0312 0704 0589 0512 2048 0512 0712 0320 0435 0512 0493 0580 0363 0531 0444 0661 0477 B aaaaaaaaaaaaaaaaaaaaaaaa
0258 2048 0512 0313 0703 0589 0512 2048 0512 0711 0321 0435 0512 0493 0580 0364 0531 0444 0660 0477 B aaaaaaaaaaaaaaaaaaaaaaaa
0259 2048 0512 0313 0702 0588 0512 2048 0512 0711 0322 0436 0512 0493 0579 0365 0531 0444 0659 0477 B aaaaaaaaaaaaaaaaaaaaaaaa
0260 2048 0512 0313 0701 0588 0512 2048 0512 0711 0323 0436 0512 0494 0579 0366 0530 0445 0657 0477 B aaaaaaaaaaaaaaaaaaaaaaaa
0261 2048 0512 0314 0701 0588 0512 2048 0512 0710 0323 0436 0512 0494 0579 0367 0530 0445 0657 0477 B aaaaaaaaaaaaaaaaaaaaaaaa
0262 2048 0512 0314 0700 0587 0512 2048 0512 0710 0324 0437 0512 0494 0579 0368 0530 0445 0656 0477 B aaaaaaaaaaaaaaaaaaaaaaaa
0263 2048 0512 0314 0700 0587 0512 2048 0512 0710 0324 0437 0512 0494 0579 0369 0530 0445 0655 0477 B aaaaaaaaaaaaaaaaaaaaaaaa
0264 2048 0512 0314 0700 0587 0512 2048 0512 0710 0324 0437 0512 0494 0579 0369 0530 0445 0655 0477 B aaaaaaaaaaaaaaaaaaaaaaaa
0265 2048 0512 0314 0699 0587 0512 2048 0512 0710 0325 0437 0512 0494 0579 0369 0529 0445 0655 0477 B aaaaaaaaaaaaaaaaaaaaaaaa
0266 2048 0512 0314 0699 0587 0512 2048 0512 0710 0325 0437 0512 0494 0579 0369 0529 0445 0655 0477 B aaaaaaaaaaaaaaaaaaaaaaaa
