0266->aaaaaaaaaaaaaaaaaaaaaaaaaaaaaaaaaaaaaaaaaaaaaaaaaaaaaaaa0001 2048 0512 0375 0708 0605 0512 2048 0512 0649 0316 0419 0512 0502 0574 0426 0522 0450 0598 0477 B aaaaaaaaaaaaaaaaaaaaaaaa
0002 2048 0512 0373 0710 0606 0512 2048 0512 0651 0314 0418 0512 0501 0574 0421 0523 0450 0603 0477 B aaaaaaaaaaaaaaaaaaaaaaaa
0003 2048 0512 0371 0715 0608 0512 2048 0512 0653 0309 0416 0512 0498 0575 0412 0526 0449 0612 0477 B aaaaaaaaaaaaaaaaaaaaaaaa
0004 2048 0512 0368 0720 0611 0512 2048 0512 0656 0304 0413 0512 0495 0577 0401 0529 0447 0623 0477 B aaaaaaaaaaaaaaaaaaaaaaaa
0005 2048 0512 0365 0727 0614 0512 2048 0512 0660 0297 0410 0512 0492 0578 0390 0532 0446 0634 0477 B aaaaaaaaaaaaaaaaaaaaaaaa
0006 2048 0512 0360 0735 0617 0512 2048 0512 0664 0289 0407 0512 0489 0581 0377 0535 0443 0647 0477 B aaaaaaaaaaaaaaaaaaaaaaaa
0007 2048 0512 0355 0744 0621 0512 2048 0512 0669 0280 0403 0512 0487 0583 0365 0537 0441 0659 0477 B aaaaaaaaaaaaaaaaaaaaaaaa
0008 2048 0512 0350 0752 0625 0512 2048 0512 0674 0272 0399 0512 0485 0586 0354 0539 0438 0670 0477 B aaaaaaaaaaaaaaaaaaaaaaaa
0009 2048 0512 0346 0761 0629 0512 2048 0512 0678 0263 0395 0512 0484 0588 0344 0539 0436 0680 0477 B aaaaaaaaaaaaaaaaaaaaaaaa
0010 2048 0512 0341 0769 0632 0512 2048 0512 0683 0255 0392 0512 0484 0591 0335 0540 0433 0689 0477 B aaaaaaaaaaaaaaaaaaaaaaaa
0011 2048 0512 0336 0777 0635 0512 2048 0512 0687 0247 0389 0512 0485 0594 0327 0539 0430 0697 0477 B aaaaaaaaaaaaaaaaaaaaaaaa
0012 2048 0512 0332 0784 0638 0512 2048 0512 0692 0240 0386 0512 0485 0596 0319 0539 0428 0705 0477 B aaaaaaaaaaaaaaaaaaaaaaaa
0013 2048 0512 0328 0792 0641 0512 2048 0512 0696 0232 0383 0512 0487 0599 0313 0537 0425 0711 0477 B aaaaaaaaaaaaaaaaaaaaaaaa
0014 2048 0512 0323 0799 0644 0512 2048 0512 0701 0225 0380 0512 0488 0602 0307 0536 0422 0717 0477 B aaaaaaaaaaaaaaaaaaaaaaaa
0015 2048 0512 0319 0806 0647 0512 2048 0512 0705 0218 0377 0512 0490 0604 0301 0534 0420 0723 0477 B aaaaaaaaaaaaaaaaaaaaaaaa
0016 2048 0512 0314 0813 0649 0512 2048 0512 0710 0211 0375 0512 0493 0607 0296 0531 0417 0728 0477 B aaaaaaaaaaaaaaaaaaaaaaaa
0017 2048 0512 0310 0820 0652 0512 2048 0512 0714 0204 0372 0512 0496 0609 0292 0528 0415 0732 0477 B aaaaaaaaaaaaaaaaaaaaaaaa
0018 2048 0512 0306 0826 0654 0512 2048 0512 0718 0198 0370 0512 0499 0612 0288 0525 0412 0736 0477 B aaaaaaaaaaaaaaaaaaaaaaaa
0019 2048 0512 0302 0833 0657 0512 2048 0512 0722 0191 0367 0512 0503 0614 0285 0521 0410 0739 0477 B aaaaaaaaaaaaaaaaaaaaaaaa
0020 2048 0512 0297 0839 0659 0512 2048 0512 0727 0185 0365 0512 0507 0616 0282 0517 0408 0741 0477 B aaaaaaaaaaaaaaaaaaaaaaaa
0021 2048 0512 0293 0846 0661 0512 2048 0512 0731 0178 0363 0512 0511 0618 0280 0513 0406 0744 0477 B aaaaaaaaaaaaaaaaaaaaaaaa
0022 2048 0512 0289 0852 0663 0512 2048 0512 0735 0172 0361 0512 0516 0620 0278 0508 0404 0745 0477 B aaaaaaaaaaaaaaaaaaaaaaaa
0023 2048 0512 0284 0858 0665 0512 2048 0512 0740 0166 0359 0512 0521 0622 0277 0503 0402 0747 0477 B aaaaaaaaaaaaaaaaaaaaaaaa
0024 2048 0512 0280 0864 0666 0512 2048 0512 0744 0160 0358 0512 0526 0624 0276 0498 0400 0747 0477 B aaaaaaaaaaaaaaaaaaaaaaaa
0025 2048 0512 0276 0870 0668 0512 2048 0512 0748 0154 0356 0512 0532 0625 0276 0492 0399 0748 0477 B aaaaaaaaaaaaaaaaaaaaaaaa
0026 2048 0512 0271 0876 0670 0512 2048 0512 0753 0148 0354 0512 0538 0626 0276 0486 0398 0748 0477 B aaaaaaaaaaaaaaaaaaaaaaaa
0027 2048 0512 0267 0881 0671 0512 2048 0512 0757 0143 0353 0512 0543 0627 0277 0481 0397 0747 0477 B aaaaaaaaaaaaaaaaaaaaaaaa
0028 2048 0512 0264 0886 0672 0512 2048 0512 0760 0138 0352 0512 0548 0628 0278 0476 0396 0746 0477 B aaaaaaaaaaaaaaaaaaaaaaaa
0029 2048 0512 0262 0889 0673 0512 2048 0512 0762 0135 0351 0512 0552 0628 0278 0472 0396 0745 0477 B aaaaaaaaaaaaaaaaaaaaaaaa
0030 2048 0512 0260 0891 0673 0512 2048 0512 0764 0133 0351 0512 0555 0629 0279 0469 0395 0745 0477 B aaaaaaaaaaaaaaaaaaaaaaaa
0031 2048 0512 0258 0893 0674 0512 2048 0512 0766 0131 0351 0512 0557 0629 0280 0467 0395 0744 0477 B aaaaaaaaaaaaaaaaaaaaaaaa
0032 2048 0512 0258 0894 0674 0512 2048 0512 0766 0130 0350 0512 0558 0629 0280 0466 0395 0744 0477 B aaaaaaaaaaaaaaaaaaaaaaaa
0033 2048 0512 0258 0894 0674 0512 2048 0512 0766 0130 0350 0512 0558 0629 0280 0466 0395 0744 0477 B aaaaaaaaaaaaaaaaaaaaaaaa
0034 2049 0512 0258 0894 0674 0512 2049 0512 0766 0130 0350 0512 0558 0628 0279 0466 0395 0744 0477 B aaaaaaaaaaaaaaaaaaaaaaaa
0035 2050 0512 0258 0894 0674 0512 2050 0512 0767 0130 0351 0512 0559 0627 0276 0467 0396 0745 0478 B aaaaaaaaaaaaaaaaaaaaaaaa
0036 2051 0512 0258 0894 0674 0512 2051 0512 0767 0130 0351 0512 0560 0626 0273 0468 0397 0747 0479 B aaaaaaaaaaaaaaaaaaaaaaaa
0037 2054 0512 0258 0894 0674 0512 2054 0512 0767 0131 0351 0512 0562 0623 0269 0469 0398 0748 0481 B aaaaaaaaaaaaaaaaaaaaaaaa
0038 2057 0512 0258 0894 0675 0511 2057 0512 0767 0131 0352 0511 0564 0620 0264 0471 0399 0750 0482 B aaaaaaaaaaaaaaaaaaaaaaaa
0039 2061 0512 0258 0895 0675 0511 2061 0512 0767 0132 0353 0511 0568 0616 0259 0472 0401 0751 0485 B aaaaaaaaaaaaaaaaaaaaaaaa
0040 2066 0513 0258 0895 0676 0511 2066 0513 0768 0132 0354 0511 0573 0611 0254 0474 0404 0752 0487 B aaaaaaaaaaaaaaaaaaaaaaaa
0041 2071 0514 0258 0896 0676 0511 2071 0514 0768 0133 0355 0511 0578 0606 0251 0475 0406 0753 0490 B aaaaaaaaaaaaaaaaaaaaaaaa
0042 2077 0515 0258 0897 0677 0511 2077 0515 0768 0134 0356 0511 0585 0601 0249 0476 0409 0753 0492 B aaaaaaaaaaaaaaaaaaaaaaaa
0043 2082 0516 0258 0897 0678 0511 2082 0516 0768 0135 0357 0511 0592 0596 0248 0476 0412 0753 0495 B aaaaaaaaaaaaaaaaaaaaaaaa
0044 2088 0517 0258 0898 0678 0511 2088 0516 0769 0136 0359 0511 0599 0591 0249 0477 0415 0752 0498 B aaaaaaaaaaaaaaaaaaaaaaaa
0045 2094 0518 0258 0899 0679 0511 2094 0517 0769 0136 0360 0511 0606 0586 0251 0477 0418 0751 0501 B aaaaaaaaaaaaaaaaaaaaaaaa
0046 2100 0518 0258 0900 0679 0511 2100 0518 0770 0137 0361 0511 0614 0582 0254 0477 0421 0751 0504 B aaaaaaaaaaaaaaaaaaaaaaaa
0047 2106 0519 0258 0900 0680 0511 2106 0518 0770 0138 0362 0511 0622 0577 0259 0476 0424 0750 0507 B aaaaaaaaaaaaaaaaaaaaaaaa
0048 2112 0520 0258 0901 0681 0511 2112 0519 0771 0138 0363 0510 0631 0574 0265 0476 0427 0748 0511 B aaaaaaaaaaaaaaaaaaaaaaaa
0049 2119 0520 0258 0902 0682 0511 2118 0519 0771 0139 0365 0510 0639 0571 0272 0475 0430 0747 0514 B aaaaaaaaaaaaaaaaaaaaaaaa
0050 2125 0520 0258 0903 0682 0511 2124 0519 0772 0139 0366 0510 0648 0568 0280 0474 0433 0746 0518 B aaaaaaaaaaaaaaaaaaaaaaaa
0051 2132 0521 0258 0904 0683 0511 2131 0519 0773 0139 0367 0510 0657 0567 0289 0473 0436 0744 0521 B aaaaaaaaaaaaaaaaaaaaaaaa
0052 2138 0521 0258 0904 0684 0511 2138 0519 0774 0139 0368 0509 0666 0566 0299 0472 0440 0743 0525 B aaaaaaaaaaaaaaaaaaaaaaaa
0053 2146 0520 0258 0905 0684 0510 2145 0518 0775 0140 0370 0509 0675 0566 0310 0470 0443 0741 0530 B aaaaaaaaaaaaaaaaaaaaaaaa
0054 2153 0519 0258 0906 0685 0510 2152 0517 0777 0139 0371 0508 0684 0568 0321 0467 0447 0740 0535 B aaaaaaaaaaaaaaaaaaaaaaaa
0055 2161 0518 0259 0906 0686 0510 2160 0516 0778 0139 0372 0507 0693 0570 0333 0464 0451 0738 0540 B aaaaaaaaaaaaaaaaaaaaaaaa
0056 2170 0517 0259 0907 0687 0509 2169 0514 0780 0139 0374 0506 0701 0574 0345 0460 0455 0737 0545 B aaaaaaaaaaaaaaaaaaaaaaaa
0057 2180 0514 0259 0907 0687 0508 2178 0511 0783 0139 0376 0505 0710 0579 0356 0456 0460 0735 0551 B aaaaaaaaaaaaaaaaaaaaaaaa
0058 2190 0512 0259 0907 0688 0507 2188 0508 0786 0138 0378 0504 0718 0586 0367 0451 0466 0733 0557 B aaaaaaaaaaaaaaaaaaaaaaaa
0059 2202 0508 0260 0907 0689 0507 2199 0504 0789 0138 0380 0502 0726 0593 0378 0445 0472 0732 0564 B aaaaaaaaaaaaaaaaaaaaaaaa
0060 2213 0505 0260 0907 0690 0506 2210 0500 0792 0138 0382 0501 0733 0601 0386 0440 0477 0730 0569 B aaaaaaaaaaaaaaaaaaaaaaaa
0061 2224 0502 0260 0906 0690 0505 2220 0496 0795 0137 0385 0499 0739 0608 0392 0436 0482 0729 0574 B aaaaaaaaaaaaaaaaaaaaaaaa
0062 2233 0499 0260 0906 0691 0504 2229 0493 0798 0137 0387 0498 0743 0614 0396 0432 0486 0728 0577 B aaaaaaaaaaaaaaaaaaaaaaaa
0063 2240 0497 0259 0906 0691 0504 2236 0490 0800 0138 0388 0496 0746 0619 0400 0429 0489 0727 0580 B aaaaaaaaaaaaaaaaaaaaaaaa
0064 2246 0496 0259 0906 0691 0503 2241 0488 0802 0138 0389 0496 0749 0623 0401 0428 0491 0726 0582 B aaaaaaaaaaaaaaaaaaaaaaaa
0065 2248 0495 0259 0906 0691 0503 2243 0487 0803 0138 0390 0495 0750 0624 0402 0427 0492 0726 0582 B aaaaaaaaaaaaaaaaaaaaaaaa
0066 2249 0495 0259 0906 0691 0503 2244 0487 0803 0138 0390 0495 0750 0625 0402 0427 0492 0726 0582 B aaaaaaaaaaaaaaaaaaaaaaaa
0067 2248 0496 0259 0906 0691 0503 2243 0488 0802 0138 0390 0496 0749 0624 0402 0427 0493 0726 0582 B aaaaaaaaaaaaaaaaaaaaaaaa
0068 2246 0497 0259 0906 0691 0504 2241 0489 0802 0138 0389 0496 0748 0622 0401 0428 0493 0727 0582 B aaaaaaaaaaaaaaaaaaaaaaaa
0069 2243 0498 0259 0906 0691 0504 2239 0491 0800 0138 0389 0497 0747 0620 0399 0429 0493 0728 0581 B aaaaaaaaaaaaaaaaaaaaaaaa
0070 2240 0500 0259 0907 0691 0505 2235 0493 0799 0138 0388 0498 0745 0618 0397 0431 0493 0729 0580 B aaaaaaaaaaaaaaaaaaaaaaaa
0071 2235 0502 0260 0907 0691 0505 2231 0495 0797 0138 0387 0499 0743 0614 0395 0434 0493 0731 0579 B aaaaaaaaaaaaaaaaaaaaaaaa
0072 2230 0504 0260 0907 0691 0506 2226 0498 0795 0138 0386 0500 0740 0610 0392 0437 0493 0733 0577 B aaaaaaaaaaaaaaaaaaaaaaaa
0073 2225 0507 0260 0908 0691 0507 2221 0501 0793 0139 0385 0501 0737 0605 0389 0440 0493 0736 0575 B aaaaaaaaaaaaaaaaaaaaaaaa
0074 2219 0510 0259 0908 0690 0508 2215 0505 0791 0139 0383 0502 0733 0600 0384 0443 0493 0739 0572 B aaaaaaaaaaaaaaaaaaaaaaaa
0075 2212 0513 0259 0909 0690 0509 2209 0509 0788 0140 0382 0504 0730 0594 0380 0447 0493 0743 0569 B aaaaaaaaaaaaaaaaaaaaaaaa
0076 2205 0517 0259 0909 0690 0510 2203 0512 0786 0140 0381 0505 0726 0587 0374 0451 0493 0747 0566 B aaaaaaaaaaaaaaaaaaaaaaaa
0077 2199 0520 0259 0910 0689 0511 2196 0516 0783 0141 0379 0507 0722 0581 0368 0455 0493 0751 0561 B aaaaaaaaaaaaaaaaaaaaaaaa
0078 2192 0523 0259 0910 0689 0512 2189 0519 0781 0141 0378 0508 0717 0573 0361 0459 0493 0756 0557 B aaaaaaaaaaaaaaaaaaaaaaaa
0079 2185 0527 0258 0910 0689 0513 2183 0523 0779 0142 0377 0510 0712 0566 0353 0463 0493 0761 0552 B aaaaaaaaaaaaaaaaaaaaaaaa
0080 2178 0529 0258 0910 0688 0514 2176 0526 0777 0143 0376 0511 0707 0559 0345 0467 0494 0767 0547 B aaaaaaaaaaaaaaaaaaaaaaaa
0081 2171 0531 0258 0910 0688 0515 2169 0528 0775 0143 0375 0512 0701 0552 0337 0469 0494 0772 0542 B aaaaaaaaaaaaaaaaaaaaaaaa
0082 2165 0533 0257 0910 0687 0516 2163 0530 0774 0144 0374 0512 0696 0546 0329 0472 0495 0777 0537 B aaaaaaaaaaaaaaaaaaaaaaaa
0083 2159 0534 0257 0910 0686 0516 2157 0531 0772 0144 0373 0513 0691 0540 0321 0473 0496 0782 0532 B aaaaaaaaaaaaaaaaaaaaaaaa
0084 2153 0535 0256 0910 0685 0517 2151 0532 0771 0144 0372 0514 0685 0535 0313 0475 0497 0786 0527 B aaaaaaaaaaaaaaaaaaaaaaaa
0085 2146 0536 0256 0909 0685 0517 2145 0533 0770 0144 0371 0514 0680 0529 0304 0475 0497 0791 0523 B aaaaaaaaaaaaaaaaaaaaaaaa
0086 2140 0536 0255 0909 0684 0517 2139 0533 0770 0144 0370 0515 0674 0525 0296 0475 0498 0795 0518 B aaaaaaaaaaaaaaaaaaaaaaaa
0087 2134 0536 0255 0908 0683 0517 2133 0533 0769 0144 0369 0515 0668 0521 0288 0475 0499 0799 0514 B aaaaaaaaaaaaaaaaaaaaaaaa
0088 2128 0535 0254 0907 0682 0517 2127 0533 0769 0143 0368 0515 0662 0517 0280 0474 0501 0802 0510 B aaaaaaaaaaaaaaaaaaaaaaaa
0089 2122 0534 0254 0907 0681 0517 2120 0533 0769 0143 0367 0515 0656 0513 0272 0472 0502 0806 0506 B aaaaaaaaaaaaaaaaaaaaaaaa
0090 2115 0533 0253 0906 0680 0517 2114 0532 0769 0142 0366 0515 0650 0510 0264 0470 0503 0808 0502 B aaaaaaaaaaaaaaaaaaaaaaaa
0091 2108 0532 0253 0905 0679 0517 2108 0531 0769 0141 0365 0515 0644 0508 0257 0468 0504 0811 0498 B aaaaaaaaaaaaaaaaaaaaaaaa
0092 2102 0530 0253 0904 0677 0516 2101 0529 0769 0141 0364 0515 0638 0506 0250 0465 0506 0813 0495 B aaaaaaaaaaaaaaaaaaaaaaaa
0093 2095 0529 0252 0902 0676 0516 2094 0528 0769 0140 0363 0515 0632 0504 0244 0461 0507 0814 0492 B aaaaaaaaaaaaaaaaaaaaaaaa
0094 2087 0526 0252 0901 0675 0515 2087 0526 0769 0138 0362 0515 0626 0503 0238 0457 0508 0816 0488 B aaaaaaaaaaaaaaaaaaaaaaaa
0095 2080 0524 0252 0900 0674 0515 2080 0524 0770 0137 0361 0514 0620 0502 0232 0453 0509 0816 0485 B aaaaaaaaaaaaaaaaaaaaaaaa
0096 2073 0522 0252 0899 0672 0514 2072 0522 0770 0136 0360 0514 0614 0501 0227 0448 0510 0816 0482 B aaaaaaaaaaaaaaaaaaaaaaaa
0097 2065 0519 0252 0897 0671 0514 2065 0519 0770 0135 0359 0513 0608 0501 0223 0444 0511 0816 0479 B aaaaaaaaaaaaaaaaaaaaaaaa
0098 2057 0517 0252 0896 0670 0513 2057 0517 0771 0133 0358 0513 0602 0501 0220 0438 0512 0814 0477 B aaaaaaaaaaaaaaaaaaaaaaaa
0099 2049 0514 0252 0894 0668 0512 2049 0514 0771 0132 0356 0512 0596 0502 0217 0433 0513 0812 0474 B aaaaaaaaaaaaaaaaaaaaaaaa
0100 2041 0511 0252 0893 0667 0512 2041 0511 0771 0130 0355 0512 0591 0503 0214 0427 0514 0810 0471 B aaaaaaaaaaaaaaaaaaaaaaaa
0101 2034 0509 0252 0891 0666 0511 2034 0509 0771 0129 0354 0511 0586 0504 0213 0421 0514 0807 0468 B aaaaaaaaaaaaaaaaaaaaaaaa
0102 2026 0506 0253 0890 0664 0511 2026 0506 0771 0127 0353 0511 0581 0505 0212 0415 0514 0803 0465 B aaaaaaaaaaaaaaaaaaaaaaaa
0103 2018 0504 0253 0888 0663 0510 2018 0504 0771 0126 0351 0510 0576 0507 0211 0409 0513 0798 0462 B aaaaaaaaaaaaaaaaaaaaaaaa
0104 2011 0502 0253 0887 0662 0510 2011 0502 0771 0125 0350 0510 0572 0508 0211 0403 0513 0793 0460 B aaaaaaaaaaaaaaaaaaaaaaaa
0105 2004 0500 0253 0886 0661 0510 2004 0500 0771 0123 0349 0509 0568 0510 0212 0397 0512 0787 0457 B aaaaaaaaaaaaaaaaaaaaaaaa
0106 1997 0499 0253 0885 0660 0510 1997 0498 0771 0122 0347 0509 0564 0512 0213 0391 0510 0781 0453 B aaaaaaaaaaaaaaaaaaaaaaaa
0107 1990 0497 0254 0884 0659 0510 1990 0496 0770 0121 0346 0509 0561 0514 0214 0384 0509 0774 0450 B aaaaaaaaaaaaaaaaaaaaaaaa
0108 1984 0496 0254 0883 0658 0510 1983 0495 0770 0120 0345 0508 0558 0515 0216 0378 0507 0766 0447 B aaaaaaaaaaaaaaaaaaaaaaaa
0109 1978 0495 0253 0883 0657 0510 1977 0494 0770 0119 0344 0508 0555 0517 0218 0372 0504 0759 0444 B aaaaaaaaaaaaaaaaaaaaaaaa
0110 1971 0495 0253 0882 0656 0510 1971 0493 0769 0118 0343 0508 0553 0519 0221 0366 0501 0751 0440 B aaaaaaaaaaaaaaaaaaaaaaaa
0111 1965 0494 0253 0882 0655 0510 1964 0492 0769 0118 0342 0508 0552 0521 0224 0359 0498 0742 0437 B aaaaaaaaaaaaaaaaaaaaaaaa
0112 1959 0494 0252 0882 0654 0510 1958 0492 0769 0117 0341 0508 0551 0523 0227 0353 0495 0734 0433 B aaaaaaaaaaaaaaaaaaaaaaaa
0113 1953 0495 0252 0881 0653 0511 1952 0492 0768 0116 0340 0508 0551 0524 0231 0347 0491 0725 0429 B aaaaaaaaaaaaaaaaaaaaaaaa
0114 1947 0495 0251 0881 0653 0511 1946 0493 0768 0116 0340 0509 0551 0526 0235 0341 0486 0716 0425 B aaaaaaaaaaaaaaaaaaaaaaaa
0115 1941 0496 0250 0881 0652 0512 1940 0494 0767 0115 0339 0509 0551 0527 0239 0335 0481 0707 0421 B aaaaaaaaaaaaaaaaaaaaaaaa
0116 1935 0498 0249 0882 0651 0512 1934 0495 0767 0115 0338 0509 0553 0529 0243 0330 0476 0699 0416 B aaaaaaaaaaaaaaaaaaaaaaaa
0117 1929 0499 0247 0882 0650 0513 1927 0496 0767 0115 0337 0510 0554 0530 0248 0324 0470 0690 0412 B aaaaaaaaaaaaaaaaaaaaaaaa
0118 1922 0502 0246 0882 0649 0514 1920 0498 0766 0115 0337 0511 0557 0531 0253 0318 0464 0681 0407 B aaaaaaaaaaaaaaaaaaaaaaaa
0119 1916 0504 0244 0883 0647 0515 1914 0501 0766 0115 0336 0512 0560 0531 0258 0313 0458 0672 0402 B aaaaaaaaaaaaaaaaaaaaaaaa
0120 1908 0507 0242 0884 0646 0516 1906 0503 0765 0115 0336 0513 0564 0532 0263 0307 0451 0664 0398 B aaaaaaaaaaaaaaaaaaaaaaaa
0121 1901 0510 0240 0884 0645 0518 1899 0506 0765 0115 0335 0514 0567 0532 0268 0302 0444 0656 0393 B aaaaaaaaaaaaaaaaaaaaaaaa
0122 1895 0514 0237 0885 0644 0519 1892 0509 0765 0116 0335 0515 0571 0533 0273 0298 0437 0650 0389 B aaaaaaaaaaaaaaaaaaaaaaaa
0123 1888 0517 0235 0885 0642 0521 1885 0512 0765 0116 0334 0516 0576 0533 0277 0293 0431 0644 0386 B aaaaaaaaaaaaaaaaaaaaaaaa
0124 1882 0520 0233 0885 0641 0522 1879 0515 0765 0116 0334 0517 0579 0533 0281 0290 0425 0639 0382 B aaaaaaaaaaaaaaaaaaaaaaaa
0125 1876 0524 0230 0886 0640 0523 1873 0518 0764 0117 0334 0517 0583 0532 0285 0286 0420 0635 0380 B aaaaaaaaaaaaaaaaaaaaaaaa
0126 1871 0527 0228 0886 0638 0524 1867 0520 0764 0117 0333 0518 0586 0532 0288 0284 0415 0631 0378 B aaaaaaaaaaaaaaaaaaaaaaaa
0127 1866 0529 0227 0886 0637 0526 1862 0523 0764 0117 0333 0519 0590 0532 0291 0281 0410 0628 0376 B aaaaaaaaaaaaaaaaaaaaaaaa
0128 1862 0532 0225 0886 0636 0527 1857 0525 0764 0118 0333 0520 0592 0532 0293 0279 0407 0626 0374 B aaaaaaaaaaaaaaaaaaaaaaaa
0129 1858 0534 0224 0886 0636 0527 1854 0526 0764 0118 0333 0520 0594 0532 0295 0277 0404 0624 0373 B aaaaaaaaaaaaaaaaaaaaaaaa
0130 1856 0535 0223 0886 0635 0528 1851 0528 0764 0118 0333 0520 0596 0531 0296 0276 0401 0623 0372 B aaaaaaaaaaaaaaaaaaaaaaaa
0131 1854 0536 0222 0886 0634 0528 1849 0528 0764 0118 0333 0521 0597 0531 0297 0275 0400 0622 0372 B aaaaaaaaaaaaaaaaaaaaaaaa
0132 1853 0537 0222 0886 0634 0529 1848 0529 0764 0118 0332 0521 0598 0531 0298 0274 0399 0621 0371 B aaaaaaaaaaaaaaaaaaaaaaaa
0133 1853 0537 0222 0886 0634 0529 1847 0529 0764 0118 0332 0521 0598 0531 0298 0275 0399 0621 0371 B aaaaaaaaaaaaaaaaaaaaaaaa
0134 1854 0535 0222 0886 0635 0528 1849 0528 0764 0118 0333 0520 0597 0532 0298 0276 0401 0623 0372 B aaaaaaaaaaaaaaaaaaaaaaaa
0135 1859 0534 0224 0886 0636 0527 1854 0526 0764 0118 0333 0520 0595 0534 0298 0278 0404 0625 0374 B aaaaaaaaaaaaaaaaaaaaaaaa
0136 1865 0531 0226 0886 0637 0526 1861 0524 0764 0118 0333 0519 0593 0537 0298 0282 0409 0628 0377 B aaaaaaaaaaaaaaaaaaaaaaaa
0137 1873 0527 0229 0886 0639 0525 1869 0521 0764 0117 0333 0519 0589 0541 0297 0286 0415 0633 0380 B aaaaaaaaaaaaaaaaaaaaaaaa
0138 1883 0523 0232 0886 0641 0523 1880 0518 0764 0117 0334 0518 0585 0546 0296 0292 0422 0639 0385 B aaaaaaaaaaaaaaaaaaaaaaaa
0139 1894 0518 0236 0886 0644 0521 1891 0514 0764 0117 0335 0517 0580 0551 0295 0298 0430 0647 0390 B aaaaaaaaaaaaaaaaaaaaaaaa
0140 1906 0514 0239 0885 0646 0519 1903 0510 0765 0116 0335 0516 0574 0557 0294 0306 0438 0656 0397 B aaaaaaaaaaaaaaaaaaaaaaaa
0141 1916 0510 0242 0885 0648 0518 1915 0507 0765 0116 0336 0515 0568 0563 0292 0313 0446 0665 0404 B aaaaaaaaaaaaaaaaaaaaaaaa
0142 1926 0507 0245 0884 0650 0517 1925 0504 0765 0116 0337 0514 0563 0569 0290 0320 0452 0675 0410 B aaaaaaaaaaaaaaaaaaaaaaaa
0143 1936 0505 0247 0884 0652 0516 1934 0502 0766 0117 0338 0513 0558 0574 0288 0328 0458 0686 0416 B aaaaaaaaaaaaaaaaaaaaaaaa
0144 1944 0503 0249 0884 0653 0515 1943 0501 0766 0117 0338 0513 0554 0579 0286 0336 0461 0696 0422 B aaaaaaaaaaaaaaaaaaaaaaaa
0145 1952 0502 0250 0883 0655 0514 1951 0500 0766 0117 0339 0512 0551 0584 0285 0344 0464 0707 0428 B aaaaaaaaaaaaaaaaaaaaaaaa
0146 1960 0501 0252 0883 0656 0514 1959 0499 0767 0118 0340 0512 0547 0588 0283 0352 0465 0717 0433 B aaaaaaaaaaaaaaaaaaaaaaaa
0147 1967 0501 0253 0884 0657 0513 1966 0499 0767 0119 0341 0512 0545 0592 0281 0361 0466 0727 0437 B aaaaaaaaaaaaaaaaaaaaaaaa
0148 1973 0501 0254 0884 0658 0513 1973 0500 0767 0119 0341 0512 0543 0596 0279 0369 0465 0736 0441 B aaaaaaaaaaaaaaaaaaaaaaaa
0149 1980 0501 0254 0884 0660 0513 1979 0500 0767 0120 0342 0512 0542 0599 0278 0378 0463 0745 0445 B aaaaaaaaaaaaaaaaaaaaaaaa
0150 1986 0501 0255 0885 0661 0513 1985 0500 0767 0121 0343 0512 0541 0602 0276 0386 0460 0752 0449 B aaaaaaaaaaaaaaaaaaaaaaaa
0151 1992 0502 0255 0885 0662 0512 1991 0501 0767 0122 0344 0512 0540 0605 0275 0394 0456 0759 0452 B aaaaaaaaaaaaaaaaaaaaaaaa
0152 1998 0503 0256 0886 0663 0512 1997 0502 0767 0123 0344 0512 0540 0608 0274 0403 0451 0764 0455 B aaaaaaaaaaaaaaaaaaaaaaaa
0153 2003 0503 0256 0886 0664 0512 2003 0503 0767 0124 0345 0512 0540 0611 0273 0411 0447 0768 0458 B aaaaaaaaaaaaaaaaaaaaaaaa
0154 2009 0504 0257 0887 0665 0512 2009 0504 0767 0125 0346 0512 0541 0613 0273 0418 0441 0771 0461 B aaaaaaaaaaaaaaaaaaaaaaaa
0155 2015 0505 0257 0888 0667 0512 2014 0505 0767 0125 0346 0512 0541 0616 0272 0426 0436 0773 0463 B aaaaaaaaaaaaaaaaaaaaaaaa
0156 2020 0506 0257 0889 0668 0512 2020 0505 0767 0126 0347 0512 0542 0619 0272 0433 0430 0773 0466 B aaaaaaaaaaaaaaaaaaaaaaaa
0157 2025 0507 0257 0889 0669 0512 2025 0506 0767 0127 0347 0512 0543 0621 0272 0439 0424 0772 0468 B aaaaaaaaaaaaaaaaaaaaaaaa
0158 2030 0507 0258 0890 0670 0512 2030 0507 0767 0127 0348 0512 0545 0624 0273 0445 0418 0769 0471 B aaaaaaaaaaaaaaaaaaaaaaaa
0159 2035 0508 0258 0891 0671 0512 2035 0508 0767 0128 0349 0512 0547 0626 0274 0451 0412 0765 0473 B aaaaaaaaaaaaaaaaaaaaaaaa
0160 2039 0509 0258 0892 0672 0512 2039 0509 0767 0129 0349 0512 0549 0628 0275 0455 0408 0760 0474 B aaaaaaaaaaaaaaaaaaaaaaaa
0161 2043 0510 0258 0892 0672 0512 2042 0510 0767 0129 0350 0512 0551 0629 0276 0459 0404 0756 0476 B aaaaaaaaaaaaaaaaaaaaaaaa
0162 2045 0510 0258 0893 0673 0512 2045 0510 0767 0129 0350 0512 0553 0629 0278 0461 0400 0751 0476 B aaaaaaaaaaaaaaaaaaaaaaaa
0163 2047 0511 0258 0893 0673 0512 2047 0511 0767 0130 0350 0512 0555 0629 0279 0463 0398 0748 0477 B aaaaaaaaaaaaaaaaaaaaaaaa
0164 2048 0511 0258 0894 0674 0512 2048 0511 0766 0130 0350 0512 0557 0629 0280 0464 0396 0745 0477 B aaaaaaaaaaaaaaaaaaaaaaaa
0165 2048 0512 0258 0894 0674 0512 2048 0512 0766 0130 0350 0512 0558 0629 0280 0465 0395 0744 0477 B aaaaaaaaaaaaaaaaaaaaaaaa
0166 2048 0512 0258 0894 0674 0512 2048 0512 0766 0130 0350 0512 0558 0629 0280 0466 0395 0744 0477 B aaaaaaaaaaaaaaaaaaaaaaaa
0167 2048 0512 0258 0894 0674 0512 2048 0512 0766 0130 0350 0512 0558 0629 0280 0466 0395 0744 0477 B aaaaaaaaaaaaaaaaaaaaaaaa
0168 2048 0512 0258 0894 0674 0512 2048 0512 0766 0130 0350 0512 0558 0629 0280 0466 0395 0744 0477 B aaaaaaaaaaaaaaaaaaaaaaaa
0169 2048 0512 0258 0893 0674 0512 2048 0512 0766 0131 0350 0512 0557 0629 0280 0466 0395 0744 0477 B aaaaaaaaaaaaaaaaaaaaaaaa
0170 2048 0512 0258 0893 0673 0512 2048 0512 0766 0131 0351 0512 0557 0629 0280 0467 0395 0744 0477 B aaaaaaaaaaaaaaaaaaaaaaaa
0171 2048 0512 0259 0892 0673 0512 2048 0512 0765 0132 0351 0512 0556 0629 0280 0468 0395 0744 0477 B aaaaaaaaaaaaaaaaaaaaaaaa
0172 2048 0512 0259 0892 0673 0512 2048 0512 0765 0132 0351 0512 0556 0629 0279 0468 0395 0744 0477 B aaaaaaaaaaaaaaaaaaaaaaaa
0173 2048 0512 0260 0891 0673 0512 2048 0512 0764 0133 0351 0512 0555 0629 0279 0469 0395 0745 0477 B aaaaaaaaaaaaaaaaaaaaaaaa
0174 2048 0512 0260 0890 0673 0512 2048 0512 0764 0134 0351 0512 0554 0629 0279 0470 0395 0745 0477 B aaaaaaaaaaaaaaaaaaaaaaaa
0175 2048 0512 0261 0890 0673 0512 2048 0512 0763 0134 0351 0512 0553 0628 0279 0471 0395 0745 0477 B aaaaaaaaaaaaaaaaaaaaaaaa
0176 2048 0512 0262 0889 0673 0512 2048 0512 0762 0135 0351 0512 0552 0628 0278 0472 0396 0745 0477 B aaaaaaaaaaaaaaaaaaaaaaaa
0177 2048 0512 0263 0888 0672 0512 2048 0512 0761 0136 0352 0512 0551 0628 0278 0473 0396 0746 0477 B aaaaaaaaaaaaaaaaaaaaaaaa
0178 2048 0512 0263 0887 0672 0512 2048 0512 0761 0138 0352 0512 0549 0628 0278 0475 0396 0746 0477 B aaaaaaaaaaaaaaaaaaaaaaaa
0179 2048 0512 0264 0885 0672 0512 2048 0512 0760 0139 0352 0512 0548 0628 0278 0476 0396 0746 0477 B aaaaaaaaaaaaaaaaaaaaaaaa
0180 2048 0512 0265 0884 0671 0512 2048 0512 0759 0140 0353 0512 0546 0628 0277 0478 0396 0746 0477 B aaaaaaaaaaaaaaaaaaaaaaaa
0181 2048 0512 0267 0883 0671 0512 2048 0512 0757 0142 0353 0512 0545 0627 0277 0479 0396 0747 0477 B aaaaaaaaaaaaaaaaaaaaaaaa
0182 2048 0512 0268 0881 0671 0512 2048 0512 0756 0143 0353 0512 0543 0627 0277 0481 0397 0747 0477 B aaaaaaaaaaaaaaaaaaaaaaaa
0183 2048 0512 0269 0879 0670 0512 2048 0512 0755 0145 0354 0512 0541 0627 0277 0483 0397 0747 0477 B aaaaaaaaaaaaaaaaaaaaaaaa
0184 2048 0512 0270 0878 0670 0512 2048 0512 0754 0146 0354 0512 0539 0627 0277 0485 0397 0747 0477 B aaaaaaaaaaaaaaaaaaaaaaaa
0185 2048 0512 0272 0876 0669 0512 2048 0512 0752 0148 0355 0512 0538 0626 0276 0486 0398 0747 0477 B aaaaaaaaaaaaaaaaaaaaaaaa
0186 2048 0512 0273 0874 0669 0512 2048 0512 0751 0150 0355 0512 0536 0626 0276 0488 0398 0747 0477 B aaaaaaaaaaaaaaaaaaaaaaaa
0187 2048 0512 0274 0872 0668 0512 2048 0512 0750 0152 0356 0512 0534 0625 0276 0490 0399 0747 0477 B aaaaaaaaaaaaaaaaaaaaaaaa
0188 2048 0512 0276 0870 0668 0512 2048 0512 0748 0154 0356 0512 0532 0625 0276 0492 0399 0747 0477 B aaaaaaaaaaaaaaaaaaaaaaaa
0189 2048 0512 0277 0868 0667 0512 2048 0512 0747 0156 0357 0512 0530 0625 0276 0494 0399 0747 0477 B aaaaaaaaaaaaaaaaaaaaaaaa
0190 2048 0512 0279 0866 0667 0512 2048 0512 0745 0158 0357 0512 0528 0624 0276 0496 0400 0747 0477 B aaaaaaaaaaaaaaaaaaaaaaaa
0191 2048 0512 0280 0864 0666 0512 2048 0512 0744 0160 0358 0512 0526 0624 0277 0498 0400 0747 0477 B aaaaaaaaaaaaaaaaaaaaaaaa
0192 2048 0512 0282 0862 0666 0512 2048 0512 0742 0162 0358 0512 0524 0623 0277 0500 0401 0747 0477 B aaaaaaaaaaaaaaaaaaaaaaaa
0193 2048 0512 0283 0860 0665 0512 2048 0512 0741 0164 0359 0512 0523 0623 0277 0501 0401 0747 0477 B aaaaaaaaaaaaaaaaaaaaaaaa
0194 2048 0512 0284 0858 0665 0512 2048 0512 0740 0166 0359 0512 0521 0622 0277 0503 0402 0746 0477 B aaaaaaaaaaaaaaaaaaaaaaaa
0195 2048 0512 0286 0856 0664 0512 2048 0512 0738 0168 0360 0512 0519 0621 0278 0505 0402 0746 0477 B aaaaaaaaaaaaaaaaaaaaaaaa
0196 2048 0512 0287 0854 0663 0512 2048 0512 0737 0170 0361 0512 0518 0621 0278 0506 0403 0746 0477 B aaaaaaaaaaaaaaaaaaaaaaaa
0197 2048 0512 0289 0852 0663 0512 2048 0512 0735 0172 0361 0512 0516 0620 0279 0508 0404 0745 0477 B aaaaaaaaaaaaaaaaaaaaaaaa
0198 2048 0512 0290 0850 0662 0512 2048 0512 0734 0174 0362 0512 0514 0620 0279 0510 0404 0745 0477 B aaaaaaaaaaaaaaaaaaaaaaaa
0199 2048 0512 0291 0848 0661 0512 2048 0512 0733 0176 0363 0512 0513 0619 0280 0511 0405 0744 0477 B aaaaaaaaaaaaaaaaaaaaaaaa
0200 2048 0512 0293 0846 0661 0512 2048 0512 0731 0178 0363 0512 0511 0618 0280 0513 0406 0744 0477 B aaaaaaaaaaaaaaaaaaaaaaaa
0201 2048 0512 0294 0844 0660 0512 2048 0512 0730 0180 0364 0512 0510 0618 0281 0514 0406 0743 0477 B aaaaaaaaaaaaaaaaaaaaaaaa
0202 2048 0512 0296 0842 0659 0512 2048 0512 0728 0182 0365 0512 0508 0617 0282 0516 0407 0742 0477 B aaaaaaaaaaaaaaaaaaaaaaaa
0203 2048 0512 0297 0840 0659 0512 2048 0512 0727 0184 0365 0512 0507 0616 0282 0517 0408 0741 0477 B aaaaaaaaaaaaaaaaaaaaaaaa
0204 2048 0512 0298 0838 0658 0512 2048 0512 0726 0186 0366 0512 0506 0616 0283 0518 0408 0741 0477 B aaaaaaaaaaaaaaaaaaaaaaaa
0205 2048 0512 0300 0836 0657 0512 2048 0512 0724 0189 0367 0512 0504 0615 0284 0520 0409 0740 0477 B aaaaaaaaaaaaaaaaaaaaaaaa
0206 2048 0512 0301 0833 0657 0512 2048 0512 0723 0191 0367 0512 0503 0614 0285 0521 0410 0739 0477 B aaaaaaaaaaaaaaaaaaaaaaaa
0207 2048 0512 0303 0831 0656 0512 2048 0512 0721 0193 0368 0512 0502 0613 0286 0522 0410 0738 0477 B aaaaaaaaaaaaaaaaaaaaaaaa
0208 2048 0512 0304 0829 0655 0512 2048 0512 0720 0195 0369 0512 0501 0613 0287 0523 0411 0737 0477 B aaaaaaaaaaaaaaaaaaaaaaaa
0209 2048 0512 0305 0827 0654 0512 2048 0512 0719 0197 0370 0512 0500 0612 0288 0524 0412 0736 0477 B aaaaaaaaaaaaaaaaaaaaaaaa
0210 2048 0512 0307 0825 0654 0512 2048 0512 0717 0199 0370 0512 0498 0611 0289 0525 0413 0735 0477 B aaaaaaaaaaaaaaaaaaaaaaaa
0211 2048 0512 0308 0823 0653 0512 2048 0512 0716 0201 0371 0512 0497 0610 0290 0527 0414 0733 0477 B aaaaaaaaaaaaaaaaaaaaaaaa
0212 2048 0512 0310 0820 0652 0512 2048 0512 0714 0204 0372 0512 0496 0610 0292 0528 0414 0732 0477 B aaaaaaaaaaaaaaaaaaaaaaaa
0213 2048 0512 0311 0818 0651 0512 2048 0512 0713 0206 0373 0512 0495 0609 0293 0529 0415 0731 0477 B aaaaaaaaaaaaaaaaaaaaaaaa
0214 2048 0512 0312 0816 0651 0512 2048 0512 0712 0208 0373 0512 0494 0608 0294 0530 0416 0729 0477 B aaaaaaaaaaaaaaaaaaaaaaaa
0215 2048 0512 0314 0814 0650 0512 2048 0512 0710 0210 0374 0512 0494 0607 0296 0530 0417 0728 0477 B aaaaaaaaaaaaaaaaaaaaaaaa
0216 2048 0512 0315 0812 0649 0512 2048 0512 0709 0212 0375 0512 0493 0606 0297 0531 0418 0727 0477 B aaaaaaaaaaaaaaaaaaaaaaaa
0217 2048 0512 0317 0809 0648 0512 2048 0512 0707 0215 0376 0512 0492 0606 0299 0532 0418 0725 0477 B aaaaaaaaaaaaaaaaaaaaaaaa
0218 2048 0512 0318 0807 0647 0512 2048 0512 0706 0217 0377 0512 0491 0605 0300 0533 0419 0723 0477 B aaaaaaaaaaaaaaaaaaaaaaaa
0219 2048 0512 0319 0805 0646 0512 2048 0512 0705 0219 0378 0512 0490 0604 0302 0534 0420 0722 0477 B aaaaaaaaaaaaaaaaaaaaaaaa
0220 2048 0512 0321 0803 0645 0512 2048 0512 0703 0221 0379 0512 0490 0603 0304 0534 0421 0720 0477 B aaaaaaaaaaaaaaaaaaaaaaaa
0221 2048 0512 0322 0800 0645 0512 2048 0512 0702 0224 0379 0512 0489 0602 0306 0535 0422 0718 0477 B aaaaaaaaaaaaaaaaaaaaaaaa
0222 2048 0512 0324 0798 0644 0512 2048 0512 0700 0226 0380 0512 0488 0601 0307 0536 0423 0716 0477 B aaaaaaaaaaaaaaaaaaaaaaaa
0223 2048 0512 0325 0796 0643 0512 2048 0512 0699 0228 0381 0512 0488 0600 0309 0536 0423 0714 0477 B aaaaaaaaaaaaaaaaaaaaaaaa
0224 2048 0512 0327 0793 0642 0512 2048 0512 0697 0231 0382 0512 0487 0600 0311 0537 0424 0712 0477 B aaaaaaaaaaaaaaaaaaaaaaaa
0225 2048 0512 0328 0791 0641 0512 2048 0512 0696 0233 0383 0512 0487 0599 0313 0537 0425 0710 0477 B aaaaaaaaaaaaaaaaaaaaaaaa
0226 2048 0512 0329 0788 0640 0512 2048 0512 0695 0236 0384 0512 0486 0598 0316 0538 0426 0708 0477 B aaaaaaaaaaaaaaaaaaaaaaaa
0227 2048 0512 0331 0786 0639 0512 2048 0512 0693 0238 0385 0512 0486 0597 0318 0538 0427 0706 0477 B aaaaaaaaaaaaaaaaaaaaaaaa
0228 2048 0512 0332 0784 0638 0512 2048 0512 0692 0240 0386 0512 0486 0596 0320 0538 0428 0704 0477 B aaaaaaaaaaaaaaaaaaaaaaaa
0229 2048 0512 0334 0781 0637 0512 2048 0512 0690 0243 0387 0512 0485 0595 0322 0539 0429 0702 0477 B aaaaaaaaaaaaaaaaaaaaaaaa
0230 2048 0512 0335 0779 0636 0512 2048 0512 0689 0245 0388 0512 0485 0594 0325 0539 0429 0699 0477 B aaaaaaaaaaaaaaaaaaaaaaaa
0231 2048 0512 0337 0776 0635 0512 2048 0512 0687 0248 0389 0512 0485 0594 0327 0539 0430 0697 0477 B aaaaaaaaaaaaaaaaaaaaaaaa
0232 2048 0512 0338 0774 0634 0512 2048 0512 0686 0250 0390 0512 0485 0593 0330 0539 0431 0694 0477 B aaaaaaaaaaaaaaaaaaaaaaaa
0233 2048 0512 0340 0771 0633 0512 2048 0512 0684 0253 0391 0512 0485 0592 0332 0539 0432 0691 0477 B aaaaaaaaaaaaaaaaaaaaaaaa
0234 2048 0512 0341 0769 0632 0512 2048 0512 0683 0255 0392 0512 0485 0591 0335 0539 0433 0689 0477 B aaaaaaaaaaaaaaaaaaaaaaaa
0235 2048 0512 0343 0766 0631 0512 2048 0512 0681 0258 0393 0512 0485 0590 0338 0539 0434 0686 0477 B aaaaaaaaaaaaaaaaaaaaaaaa
0236 2048 0512 0344 0763 0630 0512 2048 0512 0680 0261 0394 0512 0485 0589 0341 0539 0435 0683 0477 B aaaaaaaaaaaaaaaaaaaaaaaa
0237 2048 0512 0346 0761 0629 0512 2048 0512 0678 0263 0395 0512 0485 0588 0344 0539 0436 0680 0477 B aaaaaaaaaaaaaaaaaaaaaaaa
0238 2048 0512 0347 0758 0627 0512 2048 0512 0677 0266 0397 0512 0485 0588 0347 0539 0436 0677 0477 B aaaaaaaaaaaaaaaaaaaaaaaa
0239 2048 0512 0349 0755 0626 0512 2048 0512 0675 0269 0398 0512 0485 0587 0350 0539 0437 0674 0477 B aaaaaaaaaaaaaaaaaaaaaaaa
0240 2048 0512 0350 0753 0625 0512 2048 0512 0674 0271 0399 0512 0486 0586 0354 0538 0438 0670 0477 B aaaaaaaaaaaaaaaaaaaaaaaa
0241 2048 0512 0352 0750 0624 0512 2048 0512 0672 0274 0400 0512 0486 0585 0357 0538 0439 0667 0477 B aaaaaaaaaaaaaaaaaaaaaaaa
0242 2048 0512 0353 0747 0623 0512 2048 0512 0671 0277 0401 0512 0486 0584 0361 0538 0440 0663 0477 B aaaaaaaaaaaaaaaaaaaaaaaa
0243 2048 0512 0355 0744 0621 0512 2048 0512 0669 0280 0403 0512 0487 0583 0365 0537 0441 0659 0477 B aaaaaaaaaaaaaaaaaaaaaaaa
0244 2048 0512 0357 0741 0620 0512 2048 0512 0667 0283 0404 0512 0488 0582 0368 0536 0442 0655 0477 B aaaaaaaaaaaaaaaaaaaaaaaa
0245 2048 0512 0358 0739 0619 0512 2048 0512 0666 0285 0405 0512 0488 0582 0372 0536 0442 0651 0477 B aaaaaaaaaaaaaaaaaaaaaaaa
0246 2048 0512 0360 0736 0618 0512 2048 0512 0664 0288 0406 0512 0489 0581 0377 0535 0443 0647 0477 B aaaaaaaaaaaaaaaaaaaaaaaa
0247 2048 0512 0361 0733 0616 0512 2048 0512 0663 0291 0408 0512 0490 0580 0381 0534 0444 0643 0477 B aaaaaaaaaaaaaaaaaaaaaaaa
0248 2048 0512 0363 0730 0615 0512 2048 0512 0661 0294 0409 0512 0491 0579 0385 0533 0445 0639 0477 B aaaaaaaaaaaaaaaaaaaaaaaa
0249 2048 0512 0364 0728 0614 0512 2048 0512 0660 0296 0410 0512 0492 0579 0389 0532 0445 0635 0477 B aaaaaaaaaaaaaaaaaaaaaaaa
0250 2048 0512 0366 0725 0613 0512 2048 0512 0658 0299 0411 0512 0493 0578 0393 0531 0446 0631 0477 B aaaaaaaaaaaaaaaaaaaaaaaa
0251 2048 0512 0367 0723 0612 0512 2048 0512 0657 0301 0412 0512 0494 0577 0397 0530 0447 0627 0477 B aaaaaaaaaaaaaaaaaaaaaaaa
0252 2048 0512 0368 0721 0611 0512 2048 0512 0656 0303 0413 0512 0495 0577 0401 0529 0447 0623 0477 B aaaaaaaaaaaaaaaaaaaaaaaa
0253 2048 0512 0369 0719 0610 0512 2048 0512 0655 0305 0414 0512 0496 0576 0405 0528 0448 0619 0477 B aaaaaaaaaaaaaaaaaaaaaaaa
0254 2048 0512 0370 0717 0609 0512 2048 0512 0654 0307 0415 0512 0497 0576 0408 0527 0448 0616 0477 B aaaaaaaaaaaaaaaaaaaaaaaa
0255 2048 0512 0371 0715 0608 0512 2048 0512 0653 0309 0416 0512 0498 0575 0412 0526 0449 0612 0477 B aaaaaaaaaaaaaaaaaaaaaaaa
0256 2048 0512 0372 0713 0607 0512 2048 0512 0652 0311 0417 0512 0499 0575 0415 0525 0449 0609 0477 B aaaaaaaaaaaaaaaaaaaaaaaa
0257 2048 0512 0373 0712 0607 0512 2048 0512 0651 0312 0417 0512 0500 0574 0418 0524 0449 0606 0477 B aaaaaaaaaaaaaaaaaaaaaaaa
0258 2048 0512 0373 0711 0606 0512 2048 0512 0651 0313 0418 0512 0501 0574 0421 0523 0450 0603 0477 B aaaaaaaaaaaaaaaaaaaaaaaa
0259 2048 0512 0374 0709 0605 0512 2048 0512 0650 0315 0419 0512 0502 0574 0423 0522 0450 0601 0477 B aaaaaaaaaaaaaaaaaaaaaaaa
0260 2048 0512 0374 0708 0605 0512 2048 0512 0650 0316 0419 0512 0503 0574 0425 0521 0450 0599 0477 B aaaaaaaaaaaaaaaaaaaaaaaa
0261 2048 0512 0375 0708 0605 0512 2048 0512 0649 0316 0419 0512 0503 0573 0427 0521 0450 0597 0477 B aaaaaaaaaaaaaaaaaaaaaaaa
0262 2048 0512 0375 0707 0604 0512 2048 0512 0649 0317 0420 0512 0504 0573 0429 0520 0451 0595 0477 B aaaaaaaaaaaaaaaaaaaaaaaa
0263 2048 0512 0375 0706 0604 0512 2048 0512 0649 0318 0420 0512 0504 0573 0430 0520 0451 0594 0477 B aaaaaaaaaaaaaaaaaaaaaaaa
0264 2048 0512 0376 0706 0604 0512 2048 0512 0648 0318 0420 0512 0505 0573 0431 0519 0451 0593 0477 B aaaaaaaaaaaaaaaaaaaaaaaa
0265 2048 0512 0376 0706 0604 0512 2048 0512 0648 0318 0420 0512 0505 0573 0431 0519 0451 0593 0477 B aaaaaaaaaaaaaaaaaaaaaaaa
0266 2048 0512 0376 0706 0604 0512 2048 0512 0648 0318 0420 0512 0505 0573 0431 0519 0451 0593 0477 B aaaaaaaaaaaaaaaaaaaaaaaa
