0350->xdaaaaaaaaaaaaaaaaaaaaaaaaaaaaaaaaaaaaaaaaaaaaaaaaaaaaaa0001 2048 0512 0358 0707 0600 0512 2048 0512 0666 0317 0424 0512 0500 0575 0411 0524 0449 0613 0477 B aaaaaaaaaaaaaaaaaaaaaaaa
0002 2048 0512 0358 0707 0601 0512 2048 0512 0666 0317 0423 0512 0500 0575 0410 0524 0449 0614 0477 B aaaaaaaaaaaaaaaaaaaaaaaa
0003 2048 0512 0357 0708 0601 0512 2048 0512 0667 0316 0423 0512 0500 0575 0408 0524 0449 0616 0477 B aaaaaaaaaaaaaaaaaaaaaaaa
0004 2048 0512 0356 0710 0602 0512 2048 0512 0668 0314 0422 0512 0499 0575 0404 0525 0448 0620 0477 B aaaaaaaaaaaaaaaaaaaaaaaa
0005 2048 0512 0355 0712 0603 0512 2048 0512 0669 0312 0421 0512 0497 0576 0400 0527 0448 0624 0477 B aaaaaaaaaaaaaaaaaaaaaaaa
0006 2048 0512 0354 0715 0604 0512 2048 0512 0670 0309 0420 0512 0496 0577 0396 0528 0447 0628 0477 B aaaaaaaaaaaaaaaaaaaaaaaa
0007 2048 0512 0352 0718 0606 0512 2048 0512 0672 0306 0418 0512 0494 0577 0391 0530 0447 0633 0477 B aaaaaaaaaaaaaaaaaaaaaaaa
0008 2048 0512 0350 0721 0607 0512 2048 0512 0674 0303 0417 0512 0493 0578 0385 0531 0446 0639 0477 B aaaaaaaaaaaaaaaaaaaaaaaa
0009 2048 0512 0348 0725 0609 0512 2048 0512 0676 0299 0415 0512 0491 0579 0379 0533 0445 0645 0477 B aaaaaaaaaaaaaaaaaaaaaaaa
0010 2048 0512 0346 0729 0611 0512 2048 0512 0678 0295 0413 0512 0490 0580 0373 0534 0443 0651 0477 B aaaaaaaaaaaaaaaaaaaaaaaa
0011 2048 0512 0344 0733 0612 0512 2048 0512 0680 0291 0412 0512 0488 0582 0367 0536 0442 0657 0477 B aaaaaaaaaaaaaaaaaaaaaaaa
0012 2048 0512 0341 0737 0614 0512 2048 0512 0683 0287 0410 0512 0487 0583 0360 0537 0441 0664 0477 B aaaaaaaaaaaaaaaaaaaaaaaa
0013 2048 0512 0338 0742 0617 0512 2048 0512 0686 0282 0407 0512 0486 0585 0353 0538 0439 0670 0477 B aaaaaaaaaaaaaaaaaaaaaaaa
0014 2048 0512 0336 0747 0619 0512 2048 0512 0688 0277 0405 0512 0485 0586 0347 0539 0438 0677 0477 B aaaaaaaaaaaaaaaaaaaaaaaa
0015 2048 0512 0332 0753 0621 0512 2048 0512 0692 0271 0403 0512 0484 0588 0340 0540 0436 0684 0477 B aaaaaaaaaaaaaaaaaaaaaaaa
0016 2048 0512 0329 0758 0623 0512 2048 0512 0695 0266 0401 0512 0483 0590 0333 0541 0434 0691 0477 B aaaaaaaaaaaaaaaaaaaaaaaa
0017 2048 0512 0326 0764 0626 0512 2048 0512 0698 0260 0398 0512 0483 0592 0326 0541 0432 0698 0477 B aaaaaaaaaaaaaaaaaaaaaaaa
0018 2048 0512 0322 0770 0628 0512 2048 0512 0702 0254 0396 0512 0482 0594 0320 0542 0430 0704 0477 B aaaaaaaaaaaaaaaaaaaaaaaa
0019 2048 0512 0319 0776 0631 0512 2048 0512 0705 0248 0393 0512 0483 0597 0313 0541 0427 0711 0477 B aaaaaaaaaaaaaaaaaaaaaaaa
0020 2048 0512 0315 0783 0633 0512 2048 0512 0709 0241 0391 0512 0483 0599 0307 0541 0425 0717 0477 B aaaaaaaaaaaaaaaaaaaaaaaa
0021 2048 0512 0311 0789 0636 0512 2048 0512 0713 0235 0388 0512 0484 0602 0300 0540 0422 0723 0477 B aaaaaaaaaaaaaaaaaaaaaaaa
0022 2048 0512 0307 0796 0639 0512 2048 0512 0717 0228 0385 0512 0485 0605 0294 0539 0419 0729 0477 B aaaaaaaaaaaaaaaaaaaaaaaa
0023 2048 0512 0302 0803 0641 0512 2048 0512 0722 0221 0383 0512 0487 0607 0289 0537 0417 0735 0477 B aaaaaaaaaaaaaaaaaaaaaaaa
0024 2048 0512 0298 0810 0644 0512 2048 0512 0726 0214 0380 0512 0489 0610 0283 0535 0414 0740 0477 B aaaaaaaaaaaaaaaaaaaaaaaa
0025 2048 0512 0294 0816 0646 0512 2048 0512 0730 0208 0378 0512 0491 0613 0279 0533 0411 0745 0477 B aaaaaaaaaaaaaaaaaaaaaaaa
0026 2048 0512 0290 0823 0648 0512 2048 0512 0734 0201 0376 0512 0494 0616 0275 0530 0408 0749 0477 B aaaaaaaaaaaaaaaaaaaaaaaa
0027 2048 0512 0285 0829 0650 0512 2048 0512 0738 0195 0374 0512 0497 0618 0271 0527 0405 0753 0477 B aaaaaaaaaaaaaaaaaaaaaaaa
0028 2048 0512 0281 0835 0652 0512 2048 0512 0743 0189 0372 0512 0500 0621 0268 0524 0403 0756 0477 B aaaaaaaaaaaaaaaaaaaaaaaa
0029 2048 0512 0278 0841 0654 0512 2048 0512 0746 0183 0370 0512 0503 0623 0265 0521 0401 0759 0477 B aaaaaaaaaaaaaaaaaaaaaaaa
0030 2048 0512 0274 0846 0656 0512 2048 0512 0750 0178 0368 0512 0507 0625 0263 0517 0399 0761 0477 B aaaaaaaaaaaaaaaaaaaaaaaa
0031 2048 0512 0271 0851 0657 0512 2048 0512 0753 0173 0367 0512 0511 0627 0261 0513 0397 0762 0477 B aaaaaaaaaaaaaaaaaaaaaaaa
0032 2048 0512 0267 0856 0659 0512 2048 0512 0757 0168 0365 0512 0514 0629 0260 0510 0395 0764 0477 B aaaaaaaaaaaaaaaaaaaaaaaa
0033 2048 0512 0264 0860 0660 0512 2048 0512 0760 0164 0364 0512 0518 0630 0259 0506 0394 0765 0477 B aaaaaaaaaaaaaaaaaaaaaaaa
0034 2048 0512 0261 0864 0661 0512 2048 0512 0763 0160 0363 0512 0521 0632 0258 0503 0392 0766 0477 B aaaaaaaaaaaaaaaaaaaaaaaa
0035 2048 0512 0258 0868 0662 0512 2048 0512 0766 0156 0362 0512 0525 0633 0258 0499 0391 0766 0477 B aaaaaaaaaaaaaaaaaaaaaaaa
0036 2048 0512 0256 0871 0663 0512 2048 0512 0768 0153 0361 0512 0528 0634 0257 0496 0390 0766 0477 B aaaaaaaaaaaaaaaaaaaaaaaa
0037 2048 0512 0253 0875 0664 0512 2048 0512 0771 0149 0360 0512 0531 0635 0257 0493 0389 0766 0477 B aaaaaaaaaaaaaaaaaaaaaaaa
0038 2048 0512 0251 0878 0664 0512 2048 0512 0773 0147 0360 0512 0534 0635 0257 0490 0389 0766 0477 B aaaaaaaaaaaaaaaaaaaaaaaa
0039 2048 0512 0249 0880 0665 0512 2048 0512 0775 0144 0359 0512 0537 0636 0257 0487 0388 0766 0477 B aaaaaaaaaaaaaaaaaaaaaaaa
0040 2048 0512 0247 0883 0666 0512 2048 0512 0777 0141 0358 0512 0540 0637 0258 0484 0387 0766 0477 B aaaaaaaaaaaaaaaaaaaaaaaa
0041 2048 0512 0245 0885 0666 0512 2048 0512 0779 0139 0358 0512 0542 0637 0258 0482 0387 0766 0477 B aaaaaaaaaaaaaaaaaaaaaaaa
0042 2048 0512 0244 0887 0666 0512 2048 0512 0780 0137 0358 0512 0545 0637 0258 0479 0387 0766 0477 B aaaaaaaaaaaaaaaaaaaaaaaa
0043 2048 0512 0243 0888 0667 0512 2048 0512 0781 0136 0357 0512 0547 0638 0258 0477 0386 0765 0477 B aaaaaaaaaaaaaaaaaaaaaaaa
0044 2048 0512 0241 0890 0667 0512 2048 0512 0783 0134 0357 0512 0548 0638 0259 0476 0386 0765 0477 B aaaaaaaaaaaaaaaaaaaaaaaa
0045 2048 0512 0240 0891 0667 0512 2048 0512 0784 0133 0357 0512 0550 0638 0259 0474 0386 0765 0477 B aaaaaaaaaaaaaaaaaaaaaaaa
0046 2048 0512 0240 0892 0668 0512 2048 0512 0784 0132 0357 0512 0551 0638 0259 0473 0386 0765 0477 B aaaaaaaaaaaaaaaaaaaaaaaa
0047 2048 0512 0239 0893 0668 0512 2048 0512 0785 0131 0356 0512 0552 0638 0259 0472 0386 0765 0477 B aaaaaaaaaaaaaaaaaaaaaaaa
0048 2048 0512 0239 0893 0668 0512 2048 0512 0785 0131 0356 0512 0553 0638 0259 0471 0386 0764 0477 B aaaaaaaaaaaaaaaaaaaaaaaa
0049 2048 0512 0239 0893 0668 0512 2048 0512 0785 0131 0356 0512 0553 0638 0259 0471 0386 0764 0477 B aaaaaaaaaaaaaaaaaaaaaaaa
0050 2048 0512 0239 0893 0668 0512 2048 0512 0785 0131 0356 0512 0553 0638 0259 0471 0386 0764 0477 B aaaaaaaaaaaaaaaaaaaaaaaa
0051 2048 0512 0239 0893 0668 0512 2048 0512 0785 0131 0356 0512 0553 0638 0259 0471 0386 0765 0477 B aaaaaaaaaaaaaaaaaaaaaaaa
0052 2049 0512 0239 0893 0668 0512 2049 0512 0786 0131 0356 0512 0553 0638 0258 0471 0386 0765 0477 B aaaaaaaaaaaaaaaaaaaaaaaa
0053 2049 0512 0239 0893 0668 0512 2049 0512 0786 0131 0356 0512 0553 0637 0257 0472 0386 0765 0478 B aaaaaaaaaaaaaaaaaaaaaaaa
0054 2050 0512 0239 0894 0668 0512 2050 0512 0786 0131 0357 0512 0554 0637 0256 0472 0386 0766 0478 B aaaaaaaaaaaaaaaaaaaaaaaa
0055 2050 0512 0239 0894 0668 0512 2050 0512 0786 0131 0357 0512 0555 0636 0254 0473 0387 0766 0478 B aaaaaaaaaaaaaaaaaaaaaaaa
0056 2051 0512 0239 0894 0668 0512 2051 0512 0786 0131 0357 0512 0556 0635 0252 0473 0387 0767 0479 B aaaaaaaaaaaaaaaaaaaaaaaa
0057 2053 0512 0239 0894 0668 0512 2053 0512 0786 0131 0357 0512 0557 0633 0250 0474 0388 0767 0480 B aaaaaaaaaaaaaaaaaaaaaaaa
0058 2054 0512 0239 0894 0668 0512 2054 0512 0786 0132 0357 0512 0558 0632 0247 0475 0389 0768 0480 B aaaaaaaaaaaaaaaaaaaaaaaa
0059 2056 0513 0239 0894 0669 0512 2056 0513 0786 0132 0358 0512 0560 0630 0244 0476 0389 0768 0481 B aaaaaaaaaaaaaaaaaaaaaaaa
0060 2058 0513 0239 0894 0669 0512 2058 0513 0786 0132 0358 0512 0562 0628 0241 0477 0390 0769 0482 B aaaaaaaaaaaaaaaaaaaaaaaa
0061 2060 0513 0239 0895 0669 0512 2060 0513 0786 0133 0359 0512 0564 0626 0239 0478 0392 0769 0483 B aaaaaaaaaaaaaaaaaaaaaaaa
0062 2062 0514 0239 0895 0669 0512 2062 0514 0786 0133 0359 0512 0567 0623 0236 0478 0393 0769 0485 B aaaaaaaaaaaaaaaaaaaaaaaa
0063 2065 0514 0239 0895 0670 0512 2065 0514 0786 0134 0360 0512 0570 0620 0233 0479 0395 0769 0486 B aaaaaaaaaaaaaaaaaaaaaaaa
0064 2068 0515 0239 0896 0670 0512 2068 0515 0786 0134 0360 0512 0574 0617 0231 0480 0396 0769 0487 B aaaaaaaaaaaaaaaaaaaaaaaa
0065 2071 0515 0239 0896 0670 0512 2071 0515 0786 0135 0361 0512 0578 0613 0229 0480 0398 0769 0489 B aaaaaaaaaaaaaaaaaaaaaaaa
0066 2075 0516 0238 0896 0671 0512 2075 0516 0786 0135 0362 0512 0583 0609 0227 0481 0401 0769 0491 B aaaaaaaaaaaaaaaaaaaaaaaa
0067 2079 0516 0238 0897 0671 0512 2078 0516 0786 0136 0363 0512 0588 0605 0226 0481 0403 0769 0493 B aaaaaaaaaaaaaaaaaaaaaaaa
0068 2083 0517 0238 0897 0671 0512 2082 0517 0787 0137 0364 0511 0593 0601 0225 0481 0406 0768 0495 B aaaaaaaaaaaaaaaaaaaaaaaa
0069 2087 0517 0238 0898 0672 0512 2087 0517 0787 0137 0364 0511 0599 0597 0226 0481 0408 0767 0498 B aaaaaaaaaaaaaaaaaaaaaaaa
0070 2092 0518 0238 0898 0672 0512 2092 0517 0787 0138 0366 0511 0606 0592 0227 0481 0411 0767 0500 B aaaaaaaaaaaaaaaaaaaaaaaa
0071 2097 0518 0238 0899 0673 0511 2097 0518 0788 0139 0367 0511 0613 0588 0229 0481 0414 0765 0503 B aaaaaaaaaaaaaaaaaaaaaaaa
0072 2102 0519 0238 0900 0673 0511 2102 0518 0788 0139 0368 0511 0621 0583 0232 0480 0417 0764 0506 B aaaaaaaaaaaaaaaaaaaaaaaa
0073 2108 0519 0238 0900 0674 0511 2107 0518 0788 0140 0369 0510 0629 0579 0237 0480 0420 0763 0509 B aaaaaaaaaaaaaaaaaaaaaaaa
0074 2114 0520 0238 0901 0674 0511 2113 0519 0789 0140 0370 0510 0637 0575 0243 0479 0423 0761 0512 B aaaaaaaaaaaaaaaaaaaaaaaa
0075 2119 0520 0238 0902 0675 0511 2119 0519 0789 0141 0371 0510 0646 0571 0250 0479 0426 0760 0516 B aaaaaaaaaaaaaaaaaaaaaaaa
0076 2125 0520 0238 0903 0675 0511 2124 0519 0790 0141 0372 0510 0655 0568 0258 0478 0429 0758 0519 B aaaaaaaaaaaaaaaaaaaaaaaa
0077 2131 0520 0238 0904 0676 0511 2130 0519 0791 0142 0373 0509 0664 0565 0267 0477 0432 0756 0522 B aaaaaaaaaaaaaaaaaaaaaaaa
0078 2137 0520 0237 0904 0677 0510 2136 0519 0792 0142 0375 0509 0673 0564 0277 0476 0435 0755 0526 B aaaaaaaaaaaaaaaaaaaaaaaa
0079 2142 0520 0237 0905 0677 0510 2141 0518 0792 0142 0376 0508 0682 0563 0287 0475 0437 0753 0529 B aaaaaaaaaaaaaaaaaaaaaaaa
0080 2148 0520 0237 0906 0678 0510 2146 0518 0793 0142 0377 0508 0690 0562 0297 0473 0440 0752 0533 B aaaaaaaaaaaaaaaaaaaaaaaa
0081 2153 0519 0237 0906 0678 0510 2152 0517 0794 0142 0378 0507 0698 0563 0307 0472 0443 0751 0536 B aaaaaaaaaaaaaaaaaaaaaaaa
0082 2159 0518 0237 0907 0679 0509 2157 0516 0796 0142 0379 0507 0705 0564 0316 0470 0445 0749 0540 B aaaaaaaaaaaaaaaaaaaaaaaa
0083 2165 0517 0237 0907 0680 0509 2163 0515 0797 0142 0380 0506 0712 0566 0325 0467 0448 0748 0543 B aaaaaaaaaaaaaaaaaaaaaaaa
0084 2170 0516 0237 0907 0680 0508 2168 0513 0798 0142 0381 0506 0719 0569 0334 0465 0451 0747 0547 B aaaaaaaaaaaaaaaaaaaaaaaa
0085 2176 0515 0237 0908 0680 0508 2173 0512 0800 0142 0382 0505 0724 0572 0341 0462 0454 0746 0550 B aaaaaaaaaaaaaaaaaaaaaaaa
0086 2181 0513 0238 0908 0681 0507 2179 0510 0801 0142 0383 0504 0730 0575 0348 0460 0457 0745 0553 B aaaaaaaaaaaaaaaaaaaaaaaa
0087 2187 0511 0238 0908 0681 0507 2184 0508 0803 0142 0384 0503 0735 0578 0355 0457 0460 0744 0557 B aaaaaaaaaaaaaaaaaaaaaaaa
0088 2192 0510 0238 0908 0682 0506 2189 0506 0804 0141 0386 0503 0739 0582 0360 0455 0463 0743 0560 B aaaaaaaaaaaaaaaaaaaaaaaa
0089 2197 0508 0238 0908 0682 0506 2194 0504 0806 0141 0387 0502 0744 0585 0365 0452 0465 0742 0562 B aaaaaaaaaaaaaaaaaaaaaaaa
0090 2202 0507 0238 0908 0682 0505 2199 0503 0807 0141 0388 0501 0747 0589 0370 0450 0468 0741 0565 B aaaaaaaaaaaaaaaaaaaaaaaa
0091 2207 0505 0238 0908 0683 0505 2203 0501 0809 0141 0389 0500 0751 0592 0374 0447 0470 0740 0567 B aaaaaaaaaaaaaaaaaaaaaaaa
0092 2211 0504 0238 0908 0683 0505 2207 0499 0810 0141 0390 0500 0754 0595 0377 0445 0472 0740 0569 B aaaaaaaaaaaaaaaaaaaaaaaa
0093 2215 0503 0238 0908 0683 0504 2211 0498 0811 0141 0391 0499 0756 0598 0380 0444 0474 0739 0571 B aaaaaaaaaaaaaaaaaaaaaaaa
0094 2219 0502 0238 0908 0684 0504 2214 0496 0812 0142 0391 0499 0759 0600 0382 0442 0476 0739 0573 B aaaaaaaaaaaaaaaaaaaaaaaa
0095 2222 0501 0238 0908 0684 0504 2217 0495 0813 0142 0392 0498 0761 0602 0384 0441 0477 0738 0574 B aaaaaaaaaaaaaaaaaaaaaaaa
0096 2224 0500 0238 0908 0684 0504 2219 0494 0814 0142 0393 0498 0762 0604 0386 0440 0478 0738 0575 B aaaaaaaaaaaaaaaaaaaaaaaa
0097 2226 0499 0238 0908 0684 0503 2221 0494 0814 0142 0393 0497 0763 0605 0387 0439 0479 0738 0576 B aaaaaaaaaaaaaaaaaaaaaaaa
0098 2227 0499 0238 0908 0684 0503 2222 0493 0815 0142 0393 0497 0764 0606 0387 0438 0480 0737 0576 B aaaaaaaaaaaaaaaaaaaaaaaa
0099 2228 0499 0238 0908 0684 0503 2223 0493 0815 0142 0394 0497 0764 0607 0388 0438 0480 0737 0577 B aaaaaaaaaaaaaaaaaaaaaaaa
0100 2228 0499 0238 0908 0684 0503 2223 0493 0815 0142 0394 0497 0764 0607 0388 0438 0480 0737 0577 B aaaaaaaaaaaaaaaaaaaaaaaa
0101 2228 0499 0238 0908 0684 0503 2223 0493 0815 0142 0394 0497 0764 0607 0388 0438 0480 0737 0577 B aaaaaaaaaaaaaaaaaaaaaaaa
0102 2228 0499 0238 0908 0684 0503 2222 0493 0815 0142 0393 0497 0764 0606 0387 0438 0480 0737 0576 B aaaaaaaaaaaaaaaaaaaaaaaa
0103 2227 0500 0238 0908 0684 0504 2222 0494 0814 0142 0393 0497 0764 0606 0387 0439 0480 0738 0576 B aaaaaaaaaaaaaaaaaaaaaaaa
0104 2226 0500 0238 0908 0684 0504 2221 0494 0814 0142 0393 0498 0763 0605 0386 0439 0480 0738 0576 B aaaaaaaaaaaaaaaaaaaaaaaa
0105 2225 0501 0238 0908 0684 0504 2220 0495 0813 0142 0393 0498 0762 0604 0385 0440 0480 0739 0576 B aaaaaaaaaaaaaaaaaaaaaaaa
0106 2224 0501 0238 0908 0684 0504 2219 0496 0813 0142 0392 0498 0761 0603 0385 0441 0480 0740 0575 B aaaaaaaaaaaaaaaaaaaaaaaa
0107 2222 0502 0238 0908 0684 0504 2217 0497 0812 0142 0392 0499 0760 0602 0383 0442 0480 0740 0575 B aaaaaaaaaaaaaaaaaaaaaaaa
0108 2221 0503 0238 0908 0684 0505 2216 0498 0812 0142 0392 0499 0759 0600 0382 0443 0480 0741 0574 B aaaaaaaaaaaaaaaaaaaaaaaa
0109 2219 0504 0238 0908 0684 0505 2214 0499 0811 0142 0391 0500 0758 0598 0381 0444 0480 0742 0573 B aaaaaaaaaaaaaaaaaaaaaaaa
0110 2217 0505 0238 0909 0684 0505 2212 0500 0810 0142 0391 0500 0756 0597 0379 0445 0480 0744 0572 B aaaaaaaaaaaaaaaaaaaaaaaa
0111 2215 0506 0238 0909 0683 0506 2210 0501 0809 0142 0390 0501 0755 0595 0378 0447 0480 0745 0572 B aaaaaaaaaaaaaaaaaaaaaaaa
0112 2212 0508 0237 0909 0683 0506 2208 0503 0808 0142 0390 0501 0753 0593 0376 0448 0480 0747 0571 B aaaaaaaaaaaaaaaaaaaaaaaa
0113 2210 0509 0237 0909 0683 0507 2206 0504 0807 0142 0389 0502 0751 0590 0374 0450 0481 0748 0569 B aaaaaaaaaaaaaaaaaaaaaaaa
0114 2207 0510 0237 0909 0683 0507 2204 0506 0806 0142 0388 0502 0749 0588 0371 0452 0481 0750 0568 B aaaaaaaaaaaaaaaaaaaaaaaa
0115 2205 0512 0237 0909 0683 0507 2201 0507 0805 0143 0388 0503 0747 0585 0369 0453 0481 0752 0567 B aaaaaaaaaaaaaaaaaaaaaaaa
0116 2202 0513 0237 0910 0683 0508 2198 0509 0804 0143 0387 0504 0745 0582 0366 0455 0481 0754 0565 B aaaaaaaaaaaaaaaaaaaaaaaa
0117 2199 0515 0237 0910 0683 0508 2196 0511 0803 0143 0387 0504 0743 0580 0363 0457 0481 0756 0564 B aaaaaaaaaaaaaaaaaaaaaaaa
0118 2196 0516 0237 0910 0682 0509 2193 0512 0802 0143 0386 0505 0741 0577 0360 0459 0481 0759 0562 B aaaaaaaaaaaaaaaaaaaaaaaa
0119 2193 0518 0237 0910 0682 0510 2190 0514 0801 0143 0385 0506 0738 0573 0357 0461 0481 0761 0560 B aaaaaaaaaaaaaaaaaaaaaaaa
0120 2190 0519 0237 0910 0682 0510 2187 0516 0800 0144 0385 0506 0736 0570 0354 0463 0482 0764 0558 B aaaaaaaaaaaaaaaaaaaaaaaa
0121 2187 0521 0237 0910 0682 0511 2184 0517 0799 0144 0384 0507 0733 0567 0350 0465 0482 0766 0556 B aaaaaaaaaaaaaaaaaaaaaaaa
0122 2184 0523 0237 0910 0681 0511 2181 0519 0798 0144 0383 0508 0730 0563 0346 0467 0482 0769 0554 B aaaaaaaaaaaaaaaaaaaaaaaa
0123 2181 0524 0236 0910 0681 0512 2178 0521 0797 0144 0383 0508 0727 0560 0342 0469 0482 0772 0552 B aaaaaaaaaaaaaaaaaaaaaaaa
0124 2177 0526 0236 0910 0681 0512 2175 0522 0795 0145 0382 0509 0724 0557 0338 0471 0483 0775 0549 B aaaaaaaaaaaaaaaaaaaaaaaa
0125 2174 0527 0236 0910 0681 0513 2171 0524 0794 0145 0381 0510 0721 0553 0333 0472 0483 0778 0547 B aaaaaaaaaaaaaaaaaaaaaaaa
0126 2171 0528 0236 0910 0680 0513 2168 0525 0793 0145 0381 0510 0718 0549 0328 0474 0484 0781 0544 B aaaaaaaaaaaaaaaaaaaaaaaa
0127 2167 0530 0236 0910 0680 0514 2165 0526 0792 0145 0380 0511 0714 0546 0323 0475 0484 0784 0541 B aaaaaaaaaaaaaaaaaaaaaaaa
0128 2164 0531 0236 0910 0680 0514 2161 0528 0792 0146 0380 0511 0711 0542 0318 0477 0485 0788 0539 B aaaaaaaaaaaaaaaaaaaaaaaa
0129 2160 0532 0235 0910 0679 0515 2158 0529 0791 0146 0379 0512 0707 0538 0313 0478 0485 0791 0536 B aaaaaaaaaaaaaaaaaaaaaaaa
0130 2157 0533 0235 0910 0679 0515 2154 0530 0790 0146 0378 0512 0703 0535 0307 0479 0486 0794 0533 B aaaaaaaaaaaaaaaaaaaaaaaa
0131 2153 0534 0235 0910 0678 0516 2151 0531 0789 0146 0378 0513 0699 0531 0302 0480 0487 0798 0530 B aaaaaaaaaaaaaaaaaaaaaaaa
0132 2149 0534 0235 0910 0678 0516 2147 0532 0788 0146 0377 0513 0695 0528 0296 0480 0488 0801 0527 B aaaaaaaaaaaaaaaaaaaaaaaa
0133 2145 0535 0235 0909 0677 0516 2143 0532 0788 0146 0376 0513 0690 0524 0289 0481 0489 0804 0524 B aaaaaaaaaaaaaaaaaaaaaaaa
0134 2141 0535 0234 0909 0677 0516 2139 0533 0787 0146 0376 0514 0686 0521 0283 0481 0490 0808 0521 B aaaaaaaaaaaaaaaaaaaaaaaa
0135 2137 0536 0234 0908 0676 0517 2135 0533 0787 0146 0375 0514 0681 0518 0277 0480 0491 0811 0518 B aaaaaaaaaaaaaaaaaaaaaaaa
0136 2133 0536 0234 0908 0675 0517 2131 0533 0786 0146 0375 0514 0676 0515 0270 0480 0492 0814 0514 B aaaaaaaaaaaaaaaaaaaaaaaa
0137 2128 0535 0234 0907 0675 0517 2126 0533 0786 0146 0374 0515 0671 0512 0264 0479 0493 0817 0511 B aaaaaaaaaaaaaaaaaaaaaaaa
0138 2123 0535 0233 0907 0674 0517 2122 0533 0786 0145 0373 0515 0666 0509 0257 0477 0495 0820 0508 B aaaaaaaaaaaaaaaaaaaaaaaa
0139 2118 0534 0233 0906 0673 0517 2117 0533 0786 0145 0373 0515 0661 0507 0250 0476 0496 0823 0505 B aaaaaaaaaaaaaaaaaaaaaaaa
0140 2113 0534 0233 0905 0672 0516 2112 0532 0786 0144 0372 0515 0655 0505 0244 0473 0497 0826 0502 B aaaaaaaaaaaaaaaaaaaaaaaa
0141 2108 0532 0233 0904 0671 0516 2107 0531 0786 0144 0371 0515 0649 0503 0237 0471 0499 0828 0499 B aaaaaaaaaaaaaaaaaaaaaaaa
0142 2102 0531 0233 0903 0670 0516 2101 0530 0786 0143 0370 0515 0644 0501 0231 0468 0501 0831 0496 B aaaaaaaaaaaaaaaaaaaaaaaa
0143 2096 0529 0233 0902 0669 0516 2095 0529 0786 0142 0370 0515 0638 0499 0225 0464 0502 0833 0492 B aaaaaaaaaaaaaaaaaaaaaaaa
0144 2089 0528 0232 0901 0668 0515 2089 0527 0787 0141 0369 0514 0631 0498 0219 0460 0504 0834 0489 B aaaaaaaaaaaaaaaaaaaaaaaa
0145 2083 0526 0232 0899 0667 0515 2082 0525 0787 0140 0368 0514 0625 0498 0213 0456 0505 0835 0486 B aaaaaaaaaaaaaaaaaaaaaaaa
0146 2075 0523 0233 0898 0666 0514 2075 0523 0788 0139 0367 0514 0619 0498 0209 0451 0507 0836 0483 B aaaaaaaaaaaaaaaaaaaaaaaa
0147 2068 0521 0233 0896 0665 0514 2068 0521 0788 0137 0366 0514 0613 0498 0204 0446 0509 0836 0480 B aaaaaaaaaaaaaaaaaaaaaaaa
0148 2061 0518 0233 0895 0663 0513 2061 0518 0789 0136 0365 0513 0607 0498 0201 0441 0510 0835 0477 B aaaaaaaaaaaaaaaaaaaaaaaa
0149 2053 0516 0233 0893 0662 0513 2053 0516 0789 0134 0364 0513 0601 0499 0198 0435 0511 0834 0475 B aaaaaaaaaaaaaaaaaaaaaaaa
0150 2046 0513 0233 0892 0661 0512 2046 0513 0789 0133 0362 0512 0595 0501 0195 0429 0513 0832 0472 B aaaaaaaaaaaaaaaaaaaaaaaa
0151 2038 0511 0234 0890 0660 0512 2038 0511 0790 0131 0361 0512 0589 0502 0194 0423 0514 0830 0469 B aaaaaaaaaaaaaaaaaaaaaaaa
0152 2031 0508 0234 0889 0659 0511 2031 0508 0790 0130 0360 0511 0584 0504 0192 0417 0514 0827 0466 B aaaaaaaaaaaaaaaaaaaaaaaa
0153 2024 0506 0234 0888 0658 0511 2023 0506 0790 0128 0359 0511 0579 0506 0192 0411 0515 0823 0463 B aaaaaaaaaaaaaaaaaaaaaaaa
0154 2017 0504 0235 0886 0657 0511 2016 0504 0790 0127 0358 0510 0574 0508 0192 0405 0515 0818 0461 B aaaaaaaaaaaaaaaaaaaaaaaa
0155 2010 0502 0235 0885 0656 0510 2009 0502 0790 0126 0357 0510 0570 0510 0192 0398 0515 0813 0458 B aaaaaaaaaaaaaaaaaaaaaaaa
0156 2003 0500 0235 0884 0655 0510 2003 0500 0790 0124 0356 0510 0565 0513 0193 0392 0514 0807 0455 B aaaaaaaaaaaaaaaaaaaaaaaa
0157 1997 0499 0236 0883 0654 0510 1996 0498 0790 0123 0354 0509 0562 0515 0195 0386 0513 0801 0452 B aaaaaaaaaaaaaaaaaaaaaaaa
0158 1991 0498 0236 0882 0653 0510 1991 0497 0790 0122 0353 0509 0558 0517 0196 0379 0512 0795 0450 B aaaaaaaaaaaaaaaaaaaaaaaa
0159 1986 0497 0236 0881 0652 0510 1985 0495 0790 0121 0353 0509 0555 0520 0198 0373 0511 0788 0447 B aaaaaaaaaaaaaaaaaaaaaaaa
0160 1981 0496 0236 0881 0651 0510 1980 0494 0790 0120 0352 0509 0553 0522 0201 0368 0509 0781 0444 B aaaaaaaaaaaaaaaaaaaaaaaa
0161 1976 0495 0236 0880 0651 0510 1975 0494 0790 0119 0351 0509 0551 0524 0203 0362 0508 0774 0442 B aaaaaaaaaaaaaaaaaaaaaaaa
0162 1971 0495 0236 0880 0650 0510 1970 0493 0790 0118 0350 0509 0549 0526 0206 0356 0506 0767 0439 B aaaaaaaaaaaaaaaaaaaaaaaa
0163 1967 0495 0236 0880 0649 0510 1965 0493 0790 0118 0349 0509 0547 0528 0208 0351 0503 0760 0436 B aaaaaaaaaaaaaaaaaaaaaaaa
0164 1963 0495 0235 0879 0649 0511 1961 0493 0790 0117 0349 0509 0546 0530 0211 0346 0501 0753 0433 B aaaaaaaaaaaaaaaaaaaaaaaa
0165 1959 0495 0235 0879 0648 0511 1957 0493 0789 0117 0348 0509 0546 0532 0214 0341 0498 0747 0431 B aaaaaaaaaaaaaaaaaaaaaaaa
0166 1955 0495 0234 0879 0648 0511 1953 0493 0789 0116 0347 0509 0545 0533 0217 0336 0495 0740 0428 B aaaaaaaaaaaaaaaaaaaaaaaa
0167 1951 0496 0234 0879 0647 0512 1949 0493 0789 0116 0347 0509 0545 0534 0220 0332 0493 0733 0425 B aaaaaaaaaaaaaaaaaaaaaaaa
0168 1947 0496 0233 0879 0646 0512 1945 0494 0789 0115 0346 0510 0545 0536 0223 0327 0490 0727 0423 B aaaaaaaaaaaaaaaaaaaaaaaa
0169 1943 0497 0233 0879 0646 0513 1941 0495 0789 0115 0346 0510 0546 0537 0227 0323 0486 0721 0420 B aaaaaaaaaaaaaaaaaaaaaaaa
0170 1940 0498 0232 0879 0645 0513 1937 0495 0788 0115 0345 0510 0547 0538 0230 0319 0483 0715 0417 B aaaaaaaaaaaaaaaaaaaaaaaa
0171 1936 0499 0231 0879 0645 0513 1934 0496 0788 0115 0345 0511 0547 0539 0233 0315 0480 0709 0415 B aaaaaaaaaaaaaaaaaaaaaaaa
0172 1932 0500 0230 0880 0644 0514 1930 0497 0788 0115 0345 0511 0549 0540 0236 0311 0477 0703 0412 B aaaaaaaaaaaaaaaaaaaaaaaa
0173 1929 0501 0229 0880 0643 0515 1927 0498 0788 0114 0344 0511 0550 0541 0239 0307 0473 0698 0410 B aaaaaaaaaaaaaaaaaaaaaaaa
0174 1926 0503 0228 0880 0643 0515 1923 0500 0788 0114 0344 0512 0551 0541 0242 0304 0470 0693 0407 B aaaaaaaaaaaaaaaaaaaaaaaa
0175 1922 0504 0227 0880 0642 0516 1920 0501 0788 0114 0344 0512 0553 0542 0246 0300 0467 0688 0405 B aaaaaaaaaaaaaaaaaaaaaaaa
0176 1919 0505 0226 0880 0641 0516 1916 0502 0787 0114 0343 0513 0555 0542 0249 0297 0463 0684 0403 B aaaaaaaaaaaaaaaaaaaaaaaa
0177 1916 0507 0225 0881 0641 0517 1913 0504 0787 0114 0343 0513 0556 0543 0251 0294 0460 0679 0400 B aaaaaaaaaaaaaaaaaaaaaaaa
0178 1913 0508 0224 0881 0640 0517 1910 0505 0787 0114 0343 0514 0558 0543 0254 0291 0457 0675 0398 B aaaaaaaaaaaaaaaaaaaaaaaa
0179 1910 0510 0223 0881 0639 0518 1907 0506 0787 0115 0342 0514 0560 0543 0257 0289 0454 0671 0396 B aaaaaaaaaaaaaaaaaaaaaaaa
0180 1907 0512 0222 0881 0639 0519 1904 0508 0787 0115 0342 0515 0562 0543 0260 0286 0451 0668 0394 B aaaaaaaaaaaaaaaaaaaaaaaa
0181 1904 0513 0221 0881 0638 0519 1900 0509 0787 0115 0342 0515 0564 0544 0262 0283 0448 0664 0393 B aaaaaaaaaaaaaaaaaaaaaaaa
0182 1901 0515 0220 0881 0637 0520 1897 0511 0787 0115 0342 0516 0566 0544 0265 0281 0445 0661 0391 B aaaaaaaaaaaaaaaaaaaaaaaa
0183 1898 0516 0219 0882 0637 0521 1895 0512 0787 0115 0341 0516 0568 0544 0267 0279 0442 0658 0389 B aaaaaaaaaaaaaaaaaaaaaaaa
0184 1895 0518 0218 0882 0636 0521 1892 0513 0786 0115 0341 0517 0570 0544 0269 0277 0439 0655 0388 B aaaaaaaaaaaaaaaaaaaaaaaa
0185 1893 0519 0217 0882 0636 0522 1889 0515 0786 0115 0341 0517 0572 0544 0271 0275 0436 0653 0386 B aaaaaaaaaaaaaaaaaaaaaaaa
0186 1890 0521 0216 0882 0635 0523 1886 0516 0786 0115 0341 0518 0573 0544 0273 0273 0434 0651 0385 B aaaaaaaaaaaaaaaaaaaaaaaa
0187 1888 0522 0215 0882 0634 0523 1884 0517 0786 0116 0341 0518 0575 0544 0275 0271 0432 0648 0384 B aaaaaaaaaaaaaaaaaaaaaaaa
0188 1886 0523 0214 0882 0634 0524 1882 0518 0786 0116 0341 0518 0577 0544 0277 0269 0429 0646 0383 B aaaaaaaaaaaaaaaaaaaaaaaa
0189 1884 0525 0214 0882 0633 0524 1879 0519 0786 0116 0340 0519 0578 0544 0278 0268 0427 0645 0382 B aaaaaaaaaaaaaaaaaaaaaaaa
0190 1882 0526 0213 0882 0633 0525 1877 0520 0786 0116 0340 0519 0579 0544 0280 0266 0426 0643 0381 B aaaaaaaaaaaaaaaaaaaaaaaa
0191 1880 0527 0212 0882 0632 0525 1875 0521 0786 0116 0340 0519 0581 0544 0281 0265 0424 0642 0380 B aaaaaaaaaaaaaaaaaaaaaaaa
0192 1879 0528 0212 0882 0632 0525 1874 0522 0786 0116 0340 0520 0582 0544 0282 0264 0422 0640 0380 B aaaaaaaaaaaaaaaaaaaaaaaa
0193 1877 0529 0211 0882 0632 0526 1872 0523 0786 0116 0340 0520 0583 0544 0283 0263 0421 0639 0379 B aaaaaaaaaaaaaaaaaaaaaaaa
0194 1876 0529 0211 0882 0631 0526 1871 0524 0786 0116 0340 0520 0584 0544 0284 0262 0420 0638 0379 B aaaaaaaaaaaaaaaaaaaaaaaa
0195 1875 0530 0210 0882 0631 0526 1870 0524 0786 0116 0340 0520 0585 0544 0285 0261 0419 0638 0378 B aaaaaaaaaaaaaaaaaaaaaaaa
0196 1874 0530 0210 0882 0631 0527 1869 0525 0786 0116 0340 0520 0585 0544 0286 0261 0418 0637 0378 B aaaaaaaaaaaaaaaaaaaaaaaa
0197 1873 0531 0210 0882 0631 0527 1868 0525 0786 0116 0340 0520 0586 0544 0286 0260 0417 0637 0378 B aaaaaaaaaaaaaaaaaaaaaaaa
0198 1873 0531 0209 0882 0631 0527 1868 0525 0786 0116 0340 0521 0586 0544 0286 0260 0417 0636 0377 B aaaaaaaaaaaaaaaaaaaaaaaa
0199 1873 0531 0209 0882 0630 0527 1867 0525 0786 0116 0340 0521 0586 0544 0287 0260 0417 0636 0377 B aaaaaaaaaaaaaaaaaaaaaaaa
0200 1873 0531 0209 0882 0630 0527 1867 0525 0786 0116 0340 0521 0586 0544 0287 0260 0417 0636 0377 B aaaaaaaaaaaaaaaaaaaaaaaa
0201 1873 0531 0210 0882 0631 0527 1868 0525 0786 0116 0340 0520 0586 0544 0287 0260 0417 0636 0378 B aaaaaaaaaaaaaaaaaaaaaaaa
0202 1874 0530 0210 0882 0631 0526 1869 0524 0786 0116 0340 0520 0585 0544 0287 0261 0418 0637 0378 B aaaaaaaaaaaaaaaaaaaaaaaa
0203 1876 0530 0211 0882 0631 0526 1871 0524 0786 0116 0340 0520 0585 0545 0287 0262 0419 0638 0379 B aaaaaaaaaaaaaaaaaaaaaaaa
0204 1878 0529 0211 0882 0632 0526 1873 0523 0786 0116 0340 0520 0584 0546 0286 0264 0421 0640 0380 B aaaaaaaaaaaaaaaaaaaaaaaa
0205 1881 0527 0212 0882 0633 0525 1876 0522 0786 0116 0340 0520 0582 0548 0286 0266 0423 0642 0381 B aaaaaaaaaaaaaaaaaaaaaaaa
0206 1884 0526 0213 0882 0633 0525 1879 0521 0786 0116 0340 0519 0581 0549 0286 0268 0426 0644 0383 B aaaaaaaaaaaaaaaaaaaaaaaa
0207 1888 0524 0214 0882 0634 0524 1883 0519 0786 0116 0341 0519 0579 0551 0285 0271 0428 0647 0384 B aaaaaaaaaaaaaaaaaaaaaaaa
0208 1892 0522 0216 0882 0635 0523 1888 0518 0786 0116 0341 0519 0577 0553 0285 0274 0432 0650 0387 B aaaaaaaaaaaaaaaaaaaaaaaa
0209 1896 0521 0217 0882 0636 0523 1892 0516 0786 0116 0341 0518 0575 0556 0284 0277 0435 0654 0389 B aaaaaaaaaaaaaaaaaaaaaaaa
0210 1901 0519 0219 0882 0637 0522 1897 0515 0786 0116 0342 0518 0572 0558 0284 0280 0439 0658 0392 B aaaaaaaaaaaaaaaaaaaaaaaa
0211 1906 0516 0220 0882 0638 0521 1903 0513 0786 0116 0342 0517 0570 0561 0283 0284 0442 0663 0394 B aaaaaaaaaaaaaaaaaaaaaaaa
0212 1911 0514 0222 0882 0640 0520 1908 0511 0786 0116 0342 0517 0567 0564 0282 0289 0446 0668 0398 B aaaaaaaaaaaaaaaaaaaaaaaa
0213 1916 0512 0224 0882 0641 0519 1914 0509 0787 0116 0343 0516 0564 0567 0281 0293 0450 0673 0401 B aaaaaaaaaaaaaaaaaaaaaaaa
0214 1922 0510 0225 0882 0642 0518 1920 0507 0787 0116 0343 0515 0561 0570 0280 0298 0454 0680 0405 B aaaaaaaaaaaaaaaaaaaaaaaa
0215 1928 0508 0227 0882 0643 0518 1926 0506 0787 0116 0344 0515 0558 0573 0279 0303 0458 0686 0408 B aaaaaaaaaaaaaaaaaaaaaaaa
0216 1934 0507 0228 0881 0644 0517 1932 0504 0787 0116 0344 0514 0555 0577 0278 0309 0461 0694 0412 B aaaaaaaaaaaaaaaaaaaaaaaa
0217 1939 0505 0230 0881 0646 0516 1938 0503 0787 0116 0345 0514 0552 0580 0277 0315 0464 0702 0417 B aaaaaaaaaaaaaaaaaaaaaaaa
0218 1945 0503 0231 0881 0647 0516 1943 0501 0787 0116 0345 0513 0549 0584 0275 0322 0467 0710 0421 B aaaaaaaaaaaaaaaaaaaaaaaa
0219 1951 0502 0232 0881 0648 0515 1949 0500 0788 0117 0346 0513 0546 0587 0274 0328 0469 0719 0425 B aaaaaaaaaaaaaaaaaaaaaaaa
0220 1957 0501 0234 0881 0649 0514 1955 0499 0788 0117 0346 0513 0544 0591 0273 0336 0470 0728 0429 B aaaaaaaaaaaaaaaaaaaaaaaa
0221 1962 0500 0235 0881 0650 0514 1961 0499 0788 0118 0347 0512 0541 0594 0271 0344 0471 0738 0433 B aaaaaaaaaaaaaaaaaaaaaaaa
0222 1968 0500 0235 0881 0651 0514 1967 0498 0788 0118 0348 0512 0539 0597 0269 0352 0470 0747 0437 B aaaaaaaaaaaaaaaaaaaaaaaa
0223 1974 0500 0236 0881 0652 0513 1973 0498 0788 0119 0348 0512 0538 0601 0268 0360 0469 0757 0441 B aaaaaaaaaaaaaaaaaaaaaaaa
0224 1980 0500 0237 0882 0653 0513 1979 0499 0788 0120 0349 0512 0537 0604 0266 0369 0466 0765 0444 B aaaaaaaaaaaaaaaaaaaaaaaa
0225 1985 0500 0237 0882 0654 0513 1984 0499 0788 0121 0350 0512 0536 0607 0265 0378 0462 0773 0448 B aaaaaaaaaaaaaaaaaaaaaaaa
0226 1990 0500 0238 0883 0655 0512 1990 0500 0787 0122 0350 0511 0536 0610 0263 0386 0458 0780 0451 B aaaaaaaaaaaaaaaaaaaaaaaa
0227 1996 0501 0238 0883 0656 0512 1995 0500 0787 0122 0351 0511 0536 0613 0262 0395 0453 0786 0454 B aaaaaaaaaaaaaaaaaaaaaaaa
0228 2000 0501 0238 0884 0658 0512 2000 0501 0787 0123 0351 0511 0536 0615 0261 0403 0447 0790 0456 B aaaaaaaaaaaaaaaaaaaaaaaa
0229 2005 0502 0239 0885 0659 0512 2005 0502 0787 0124 0352 0511 0536 0618 0260 0410 0442 0793 0458 B aaaaaaaaaaaaaaaaaaaaaaaa
0230 2010 0503 0239 0885 0659 0512 2009 0502 0787 0125 0352 0511 0536 0620 0259 0417 0436 0795 0461 B aaaaaaaaaaaaaaaaaaaaaaaa
0231 2014 0503 0239 0886 0660 0512 2013 0503 0787 0125 0353 0511 0537 0622 0258 0424 0431 0796 0463 B aaaaaaaaaaaaaaaaaaaaaaaa
0232 2018 0504 0239 0887 0661 0511 2017 0504 0787 0126 0353 0511 0537 0625 0257 0430 0426 0796 0465 B aaaaaaaaaaaaaaaaaaaaaaaa
0233 2021 0505 0239 0887 0662 0511 2021 0504 0787 0126 0353 0511 0538 0627 0257 0435 0421 0796 0466 B aaaaaaaaaaaaaaaaaaaaaaaa
0234 2025 0505 0239 0888 0663 0511 2025 0505 0787 0127 0354 0511 0539 0628 0257 0440 0416 0795 0468 B aaaaaaaaaaaaaaaaaaaaaaaa
0235 2028 0506 0239 0889 0664 0511 2028 0506 0786 0127 0354 0511 0540 0630 0257 0445 0412 0793 0469 B aaaaaaaaaaaaaaaaaaaaaaaa
0236 2031 0506 0239 0889 0664 0511 2031 0506 0786 0128 0354 0511 0541 0632 0256 0449 0408 0791 0471 B aaaaaaaaaaaaaaaaaaaaaaaa
0237 2034 0507 0239 0890 0665 0511 2034 0507 0786 0128 0355 0511 0542 0633 0256 0452 0405 0788 0472 B aaaaaaaaaaaaaaaaaaaaaaaa
0238 2036 0508 0239 0890 0665 0511 2036 0508 0786 0128 0355 0511 0543 0634 0257 0455 0402 0786 0473 B aaaaaaaaaaaaaaaaaaaaaaaa
0239 2038 0508 0239 0891 0666 0511 2038 0508 0786 0129 0355 0511 0544 0635 0257 0458 0399 0783 0474 B aaaaaaaaaaaaaaaaaaaaaaaa
0240 2040 0509 0239 0891 0666 0512 2040 0509 0786 0129 0355 0511 0545 0636 0257 0461 0396 0780 0475 B aaaaaaaaaaaaaaaaaaaaaaaa
0241 2042 0509 0239 0892 0667 0512 2042 0509 0786 0129 0355 0512 0546 0637 0257 0463 0394 0778 0475 B aaaaaaaaaaaaaaaaaaaaaaaa
0242 2043 0510 0239 0892 0667 0512 2043 0510 0786 0129 0356 0512 0547 0638 0258 0465 0392 0775 0476 B aaaaaaaaaaaaaaaaaaaaaaaa
0243 2044 0510 0239 0892 0667 0512 2044 0510 0786 0130 0356 0512 0548 0638 0258 0466 0391 0773 0476 B aaaaaaaaaaaaaaaaaaaaaaaa
0244 2046 0511 0239 0893 0667 0512 2046 0511 0786 0130 0356 0512 0549 0638 0259 0467 0389 0770 0477 B aaaaaaaaaaaaaaaaaaaaaaaa
0245 2046 0511 0239 0893 0667 0512 2046 0511 0786 0130 0356 0512 0550 0638 0259 0468 0388 0769 0477 B aaaaaaaaaaaaaaaaaaaaaaaa
0246 2047 0511 0239 0893 0668 0512 2047 0511 0786 0130 0356 0512 0551 0639 0259 0469 0387 0767 0477 B aaaaaaaaaaaaaaaaaaaaaaaa
0247 2048 0511 0239 0893 0668 0512 2048 0511 0786 0130 0356 0512 0552 0639 0259 0470 0387 0766 0477 B aaaaaaaaaaaaaaaaaaaaaaaa
0248 2048 0512 0239 0893 0668 0512 2048 0512 0786 0130 0356 0512 0552 0639 0259 0471 0386 0765 0477 B aaaaaaaaaaaaaaaaaaaaaaaa
0249 2048 0512 0239 0893 0668 0512 2048 0512 0786 0131 0356 0512 0552 0639 0259 0471 0386 0764 0477 B aaaaaaaaaaaaaaaaaaaaaaaa
0250 2048 0512 0239 0893 0668 0512 2048 0512 0785 0131 0356 0512 0553 0638 0259 0471 0386 0764 0477 B aaaaaaaaaaaaaaaaaaaaaaaa
0251 2048 0512 0239 0893 0668 0512 2048 0512 0785 0131 0356 0512 0553 0638 0259 0471 0386 0764 0477 B aaaaaaaaaaaaaaaaaaaaaaaa
0252 2048 0512 0239 0893 0668 0512 2048 0512 0785 0131 0356 0512 0553 0638 0259 0471 0386 0764 0477 B aaaaaaaaaaaaaaaaaaaaaaaa
0253 2048 0512 0239 0893 0668 0512 2048 0512 0785 0131 0356 0512 0552 0638 0259 0472 0386 0764 0477 B aaaaaaaaaaaaaaaaaaaaaaaa
0254 2048 0512 0239 0893 0668 0512 2048 0512 0785 0131 0356 0512 0552 0638 0259 0472 0386 0765 0477 B aaaaaaaaaaaaaaaaaaaaaaaa
0255 2048 0512 0239 0893 0668 0512 2048 0512 0785 0131 0356 0512 0552 0638 0259 0472 0386 0765 0477 B aaaaaaaaaaaaaaaaaaaaaaaa
0256 2048 0512 0240 0892 0668 0512 2048 0512 0784 0132 0356 0512 0551 0638 0259 0473 0386 0765 0477 B aaaaaaaaaaaaaaaaaaaaaaaa
0257 2048 0512 0240 0892 0667 0512 2048 0512 0784 0132 0357 0512 0551 0638 0259 0473 0386 0765 0477 B aaaaaaaaaaaaaaaaaaaaaaaa
0258 2048 0512 0240 0891 0667 0512 2048 0512 0784 0133 0357 0512 0550 0638 0259 0474 0386 0765 0477 B aaaaaaaaaaaaaaaaaaaaaaaa
0259 2048 0512 0241 0891 0667 0512 2048 0512 0783 0133 0357 0512 0549 0638 0259 0475 0386 0765 0477 B aaaaaaaaaaaaaaaaaaaaaaaa
0260 2048 0512 0241 0890 0667 0512 2048 0512 0783 0134 0357 0512 0549 0638 0259 0475 0386 0765 0477 B aaaaaaaaaaaaaaaaaaaaaaaa
0261 2048 0512 0242 0890 0667 0512 2048 0512 0782 0135 0357 0512 0548 0638 0259 0476 0386 0765 0477 B aaaaaaaaaaaaaaaaaaaaaaaa
0262 2048 0512 0242 0889 0667 0512 2048 0512 0782 0135 0357 0512 0547 0638 0258 0477 0386 0765 0477 B aaaaaaaaaaaaaaaaaaaaaaaa
0263 2048 0512 0243 0888 0667 0512 2048 0512 0781 0136 0357 0512 0546 0638 0258 0478 0386 0765 0477 B aaaaaaaaaaaaaaaaaaaaaaaa
0264 2048 0512 0244 0887 0667 0512 2048 0512 0780 0137 0357 0512 0545 0637 0258 0479 0387 0766 0477 B aaaaaaaaaaaaaaaaaaaaaaaa
0265 2048 0512 0244 0886 0666 0512 2048 0512 0780 0138 0358 0512 0544 0637 0258 0480 0387 0766 0477 B aaaaaaaaaaaaaaaaaaaaaaaa
0266 2048 0512 0245 0885 0666 0512 2048 0512 0779 0139 0358 0512 0543 0637 0258 0481 0387 0766 0477 B aaaaaaaaaaaaaaaaaaaaaaaa
0267 2048 0512 0246 0884 0666 0512 2048 0512 0778 0140 0358 0512 0542 0637 0258 0482 0387 0766 0477 B aaaaaaaaaaaaaaaaaaaaaaaa
0268 2048 0512 0247 0883 0666 0512 2048 0512 0777 0141 0358 0512 0541 0637 0258 0483 0387 0766 0477 B aaaaaaaaaaaaaaaaaaaaaaaa
0269 2048 0512 0248 0882 0665 0512 2048 0512 0776 0142 0359 0512 0539 0636 0258 0485 0388 0766 0477 B aaaaaaaaaaaaaaaaaaaaaaaa
0270 2048 0512 0249 0881 0665 0512 2048 0512 0775 0143 0359 0512 0538 0636 0257 0486 0388 0766 0477 B aaaaaaaaaaaaaaaaaaaaaaaa
0271 2048 0512 0250 0879 0665 0512 2048 0512 0774 0145 0359 0512 0537 0636 0257 0487 0388 0766 0477 B aaaaaaaaaaaaaaaaaaaaaaaa
0272 2048 0512 0251 0878 0665 0512 2048 0512 0773 0146 0359 0512 0535 0635 0257 0489 0388 0766 0477 B aaaaaaaaaaaaaaaaaaaaaaaa
0273 2048 0512 0252 0877 0664 0512 2048 0512 0772 0147 0360 0512 0534 0635 0257 0490 0389 0766 0477 B aaaaaaaaaaaaaaaaaaaaaaaa
0274 2048 0512 0253 0875 0664 0512 2048 0512 0771 0149 0360 0512 0532 0635 0257 0492 0389 0766 0477 B aaaaaaaaaaaaaaaaaaaaaaaa
0275 2048 0512 0254 0874 0664 0512 2048 0512 0770 0150 0361 0512 0530 0634 0257 0494 0390 0766 0477 B aaaaaaaaaaaaaaaaaaaaaaaa
0276 2048 0512 0255 0872 0663 0512 2048 0512 0769 0152 0361 0512 0529 0634 0257 0495 0390 0766 0477 B aaaaaaaaaaaaaaaaaaaaaaaa
0277 2048 0512 0256 0870 0663 0512 2048 0512 0767 0154 0361 0512 0527 0633 0258 0497 0390 0766 0477 B aaaaaaaaaaaaaaaaaaaaaaaa
0278 2048 0512 0258 0869 0662 0512 2048 0512 0766 0155 0362 0512 0526 0633 0258 0498 0391 0766 0477 B aaaaaaaaaaaaaaaaaaaaaaaa
0279 2048 0512 0259 0867 0662 0512 2048 0512 0765 0157 0362 0512 0524 0632 0258 0500 0392 0766 0477 B aaaaaaaaaaaaaaaaaaaaaaaa
0280 2048 0512 0261 0865 0661 0512 2048 0512 0763 0159 0363 0512 0522 0632 0258 0502 0392 0766 0477 B aaaaaaaaaaaaaaaaaaaaaaaa
0281 2048 0512 0262 0863 0661 0512 2048 0512 0762 0161 0363 0512 0520 0631 0259 0504 0393 0765 0477 B aaaaaaaaaaaaaaaaaaaaaaaa
0282 2048 0512 0263 0861 0660 0512 2048 0512 0761 0163 0364 0512 0519 0631 0259 0505 0393 0765 0477 B aaaaaaaaaaaaaaaaaaaaaaaa
0283 2048 0512 0265 0859 0660 0512 2048 0512 0759 0165 0364 0512 0517 0630 0259 0507 0394 0764 0477 B aaaaaaaaaaaaaaaaaaaaaaaa
0284 2048 0512 0267 0857 0659 0512 2048 0512 0757 0167 0365 0512 0515 0629 0260 0509 0395 0764 0477 B aaaaaaaaaaaaaaaaaaaaaaaa
0285 2048 0512 0268 0854 0658 0512 2048 0512 0756 0170 0366 0512 0513 0628 0260 0511 0396 0763 0477 B aaaaaaaaaaaaaaaaaaaaaaaa
0286 2048 0512 0270 0852 0658 0512 2048 0512 0754 0172 0366 0512 0511 0627 0261 0513 0396 0763 0477 B aaaaaaaaaaaaaaaaaaaaaaaa
0287 2048 0512 0272 0850 0657 0512 2048 0512 0752 0174 0367 0512 0510 0627 0262 0514 0397 0762 0477 B aaaaaaaaaaaaaaaaaaaaaaaa
0288 2048 0512 0273 0847 0656 0512 2048 0512 0751 0177 0368 0512 0508 0626 0263 0516 0398 0761 0477 B aaaaaaaaaaaaaaaaaaaaaaaa
0289 2048 0512 0275 0845 0655 0512 2048 0512 0749 0179 0369 0512 0506 0625 0264 0518 0399 0760 0477 B aaaaaaaaaaaaaaaaaaaaaaaa
0290 2048 0512 0277 0842 0655 0512 2048 0512 0747 0182 0369 0512 0504 0624 0265 0520 0400 0759 0477 B aaaaaaaaaaaaaaaaaaaaaaaa
0291 2048 0512 0279 0839 0654 0512 2048 0512 0745 0185 0370 0512 0503 0623 0266 0521 0401 0758 0477 B aaaaaaaaaaaaaaaaaaaaaaaa
0292 2048 0512 0281 0836 0653 0512 2048 0512 0743 0188 0371 0512 0501 0621 0267 0523 0403 0756 0477 B aaaaaaaaaaaaaaaaaaaaaaaa
0293 2048 0512 0283 0833 0652 0512 2048 0512 0741 0191 0372 0512 0499 0620 0269 0525 0404 0755 0477 B aaaaaaaaaaaaaaaaaaaaaaaa
0294 2048 0512 0285 0830 0651 0512 2048 0512 0739 0194 0373 0512 0498 0619 0270 0526 0405 0753 0477 B aaaaaaaaaaaaaaaaaaaaaaaa
0295 2048 0512 0287 0827 0650 0512 2048 0512 0737 0197 0374 0512 0496 0618 0272 0528 0406 0752 0477 B aaaaaaaaaaaaaaaaaaaaaaaa
0296 2048 0512 0289 0824 0649 0512 2048 0512 0735 0200 0375 0512 0494 0616 0274 0530 0408 0750 0477 B aaaaaaaaaaaaaaaaaaaaaaaa
0297 2048 0512 0291 0821 0648 0512 2048 0512 0733 0203 0376 0512 0493 0615 0276 0531 0409 0748 0477 B aaaaaaaaaaaaaaaaaaaaaaaa
0298 2048 0512 0293 0818 0646 0512 2048 0512 0731 0206 0378 0512 0492 0614 0278 0532 0410 0746 0477 B aaaaaaaaaaaaaaaaaaaaaaaa
0299 2048 0512 0295 0815 0645 0512 2048 0512 0729 0209 0379 0512 0490 0612 0280 0533 0412 0744 0477 B aaaaaaaaaaaaaaaaaaaaaaaa
0300 2048 0512 0297 0811 0644 0512 2048 0512 0727 0213 0380 0512 0489 0611 0282 0535 0413 0741 0477 B aaaaaaaaaaaaaaaaaaaaaaaa
0301 2048 0512 0299 0808 0643 0512 2048 0512 0725 0216 0381 0512 0488 0610 0285 0536 0414 0739 0477 B aaaaaaaaaaaaaaaaaaaaaaaa
0302 2048 0512 0301 0805 0642 0512 2048 0512 0723 0219 0382 0512 0487 0608 0287 0537 0416 0736 0477 B aaaaaaaaaaaaaaaaaaaaaaaa
0303 2048 0512 0303 0801 0641 0512 2048 0512 0721 0223 0383 0512 0486 0607 0290 0538 0417 0734 0477 B aaaaaaaaaaaaaaaaaaaaaaaa
0304 2048 0512 0305 0798 0639 0512 2048 0512 0719 0226 0385 0512 0486 0605 0293 0538 0419 0731 0477 B aaaaaaaaaaaaaaaaaaaaaaaa
0305 2048 0512 0308 0795 0638 0512 2048 0512 0716 0229 0386 0512 0485 0604 0296 0539 0420 0728 0477 B aaaaaaaaaaaaaaaaaaaaaaaa
0306 2048 0512 0310 0791 0637 0512 2048 0512 0714 0233 0387 0512 0484 0603 0299 0540 0421 0725 0477 B aaaaaaaaaaaaaaaaaaaaaaaa
0307 2048 0512 0312 0788 0635 0512 2048 0512 0712 0236 0389 0512 0484 0601 0302 0540 0423 0722 0477 B aaaaaaaaaaaaaaaaaaaaaaaa
0308 2048 0512 0314 0785 0634 0512 2048 0512 0710 0239 0390 0512 0483 0600 0305 0541 0424 0719 0477 B aaaaaaaaaaaaaaaaaaaaaaaa
0309 2048 0512 0316 0781 0633 0512 2048 0512 0708 0243 0391 0512 0483 0599 0308 0541 0425 0716 0477 B aaaaaaaaaaaaaaaaaaaaaaaa
0310 2048 0512 0318 0778 0632 0512 2048 0512 0706 0246 0393 0512 0483 0597 0311 0541 0427 0712 0477 B aaaaaaaaaaaaaaaaaaaaaaaa
0311 2048 0512 0319 0775 0630 0512 2048 0512 0705 0249 0394 0512 0483 0596 0315 0541 0428 0709 0477 B aaaaaaaaaaaaaaaaaaaaaaaa
0312 2048 0512 0321 0772 0629 0512 2048 0512 0703 0252 0395 0512 0483 0595 0318 0541 0429 0706 0477 B aaaaaaaaaaaaaaaaaaaaaaaa
0313 2048 0512 0323 0769 0628 0512 2048 0512 0701 0255 0396 0512 0483 0594 0321 0541 0430 0703 0477 B aaaaaaaaaaaaaaaaaaaaaaaa
0314 2048 0512 0325 0766 0626 0512 2048 0512 0699 0258 0398 0512 0483 0593 0325 0541 0431 0699 0477 B aaaaaaaaaaaaaaaaaaaaaaaa
0315 2048 0512 0327 0763 0625 0512 2048 0512 0697 0261 0399 0512 0483 0592 0328 0541 0432 0696 0477 B aaaaaaaaaaaaaaaaaaaaaaaa
0316 2048 0512 0328 0760 0624 0512 2048 0512 0696 0264 0400 0512 0483 0591 0331 0541 0433 0693 0477 B aaaaaaaaaaaaaaaaaaaaaaaa
0317 2048 0512 0330 0757 0623 0512 2048 0512 0694 0267 0401 0512 0483 0590 0335 0541 0434 0689 0477 B aaaaaaaaaaaaaaaaaaaaaaaa
0318 2048 0512 0332 0754 0622 0512 2048 0512 0692 0270 0402 0512 0484 0589 0338 0540 0435 0686 0477 B aaaaaaaaaaaaaaaaaaaaaaaa
0319 2048 0512 0333 0752 0620 0512 2048 0512 0691 0272 0404 0512 0484 0588 0341 0540 0436 0682 0477 B aaaaaaaaaaaaaaaaaaaaaaaa
0320 2048 0512 0335 0749 0619 0512 2048 0512 0689 0275 0405 0512 0484 0587 0345 0540 0437 0679 0477 B aaaaaaaaaaaaaaaaaaaaaaaa
0321 2048 0512 0336 0746 0618 0512 2048 0512 0688 0278 0406 0512 0485 0586 0348 0539 0438 0676 0477 B aaaaaaaaaaaaaaaaaaaaaaaa
0322 2048 0512 0338 0744 0617 0512 2048 0512 0686 0280 0407 0512 0485 0585 0352 0538 0439 0672 0477 B aaaaaaaaaaaaaaaaaaaaaaaa
0323 2048 0512 0339 0741 0616 0512 2048 0512 0685 0283 0408 0512 0486 0584 0355 0538 0440 0669 0477 B aaaaaaaaaaaaaaaaaaaaaaaa
0324 2048 0512 0340 0739 0615 0512 2048 0512 0684 0285 0409 0512 0487 0584 0358 0537 0440 0665 0477 B aaaaaaaaaaaaaaaaaaaaaaaa
0325 2048 0512 0342 0736 0614 0512 2048 0512 0682 0288 0410 0512 0487 0583 0362 0537 0441 0662 0477 B aaaaaaaaaaaaaaaaaaaaaaaa
0326 2048 0512 0343 0734 0613 0512 2048 0512 0681 0290 0411 0512 0488 0582 0365 0536 0442 0659 0477 B aaaaaaaaaaaaaaaaaaaaaaaa
0327 2048 0512 0344 0732 0612 0512 2048 0512 0680 0292 0412 0512 0489 0581 0368 0535 0443 0656 0477 B aaaaaaaaaaaaaaaaaaaaaaaa
0328 2048 0512 0345 0730 0611 0512 2048 0512 0679 0294 0413 0512 0489 0581 0371 0535 0443 0652 0477 B aaaaaaaaaaaaaaaaaaaaaaaa
0329 2048 0512 0347 0728 0610 0512 2048 0512 0677 0296 0414 0512 0490 0580 0375 0534 0444 0649 0477 B aaaaaaaaaaaaaaaaaaaaaaaa
0330 2048 0512 0348 0726 0609 0512 2048 0512 0676 0298 0415 0512 0491 0580 0378 0533 0444 0646 0477 B aaaaaaaaaaaaaaaaaaaaaaaa
0331 2048 0512 0349 0724 0608 0512 2048 0512 0675 0300 0416 0512 0492 0579 0381 0532 0445 0643 0477 B aaaaaaaaaaaaaaaaaaaaaaaa
0332 2048 0512 0350 0722 0608 0512 2048 0512 0674 0302 0416 0512 0492 0579 0384 0532 0445 0640 0477 B aaaaaaaaaaaaaaaaaaaaaaaa
0333 2048 0512 0351 0720 0607 0512 2048 0512 0673 0304 0417 0512 0493 0578 0387 0531 0446 0637 0477 B aaaaaaaaaaaaaaaaaaaaaaaa
0334 2048 0512 0352 0719 0606 0512 2048 0512 0672 0305 0418 0512 0494 0578 0389 0530 0446 0635 0477 B aaaaaaaaaaaaaaaaaaaaaaaa
0335 2048 0512 0352 0717 0605 0512 2048 0512 0672 0307 0419 0512 0495 0577 0392 0529 0447 0632 0477 B aaaaaaaaaaaaaaaaaaaaaaaa
0336 2048 0512 0353 0716 0605 0512 2048 0512 0671 0308 0419 0512 0495 0577 0394 0528 0447 0629 0477 B aaaaaaaaaaaaaaaaaaaaaaaa
0337 2048 0512 0354 0714 0604 0512 2048 0512 0670 0310 0420 0512 0496 0576 0397 0528 0447 0627 0477 B aaaaaaaaaaaaaaaaaaaaaaaa
0338 2048 0512 0355 0713 0603 0512 2048 0512 0669 0311 0421 0512 0497 0576 0399 0527 0448 0625 0477 B aaaaaaaaaaaaaaaaaaaaaaaa
0339 2048 0512 0355 0712 0603 0512 2048 0512 0669 0312 0421 0512 0498 0576 0401 0526 0448 0623 0477 B aaaaaaaaaaaaaaaaaaaaaaaa
0340 2048 0512 0356 0711 0602 0512 2048 0512 0668 0313 0422 0512 0498 0576 0403 0526 0448 0621 0477 B aaaaaaaaaaaaaaaaaaaaaaaa
0341 2048 0512 0356 0710 0602 0512 2048 0512 0668 0314 0422 0512 0499 0575 0405 0525 0449 0619 0477 B aaaaaaaaaaaaaaaaaaaaaaaa
0342 2048 0512 0357 0709 0602 0512 2048 0512 0667 0315 0422 0512 0499 0575 0407 0525 0449 0617 0477 B aaaaaaaaaaaaaaaaaaaaaaaa
0343 2048 0512 0357 0708 0601 0512 2048 0512 0667 0316 0423 0512 0500 0575 0408 0524 0449 0616 0477 B aaaaaaaaaaaaaaaaaaaaaaaa
0344 2048 0512 0358 0707 0601 0512 2048 0512 0666 0317 0423 0512 0500 0575 0410 0524 0449 0614 0477 B aaaaaaaaaaaaaaaaaaaaaaaa
0345 2048 0512 0358 0707 0601 0512 2048 0512 0666 0317 0423 0512 0501 0575 0411 0523 0449 0613 0477 B aaaaaaaaaaaaaaaaaaaaaaaa
0346 2048 0512 0358 0706 0600 0512 2048 0512 0666 0317 0424 0512 0501 0575 0412 0523 0449 0612 0477 B aaaaaaaaaaaaaaaaaaaaaaaa
0347 2048 0512 0358 0706 0600 0512 2048 0512 0666 0318 0424 0512 0501 0574 0412 0523 0449 0612 0477 B aaaaaaaaaaaaaaaaaaaaaaaa
0348 2048 0512 0358 0706 0600 0512 2048 0512 0666 0318 0424 0512 0501 0574 0413 0523 0450 0611 0477 B aaaaaaaaaaaaaaaaaaaaaaaa
0349 2048 0512 0358 0706 0600 0512 2048 0512 0666 0318 0424 0512 0501 0574 0413 0523 0450 0611 0477 B aaaaaaaaaaaaaaaaaaaaaaaa
0350 2048 0512 0358 0706 0600 0512 2048 0512 0666 0318 0424 0512 0501 0574 0413 0523 0450 0611 0477 B aaaaaaaaaaaaaaaaaaaaaaaa
