0224->prawa_calaaaaaaaaaaaaaaaaaaaaaaaaaaaaaaaaaaaaaaaaaaaaaa0001 2107 0559 0351 0593 0483 0568 2107 0560 0666 0345 0448 0568 0505 0569 0417 0537 0486 0679 0482 B aaaaaaaaaaaaaaaaaaaaaaaa
0002 2109 0559 0352 0591 0482 0568 2109 0560 0665 0347 0449 0568 0505 0569 0417 0536 0486 0678 0482 B aaaaaaaaaaaaaaaaaaaaaaaa
0003 2108 0559 0352 0591 0482 0568 2108 0560 0665 0346 0448 0568 0505 0569 0416 0536 0486 0677 0482 B aaaaaaaaaaaaaaaaaaaaaaaa
0004 2108 0559 0352 0591 0482 0567 2108 0560 0665 0346 0448 0568 0505 0569 0416 0536 0486 0677 0482 B aaaaaaaaaaaaaaaaaaaaaaaa
0005 2107 0559 0352 0592 0483 0567 2107 0560 0665 0346 0448 0568 0505 0569 0416 0536 0486 0677 0482 B aaaaaaaaaaaaaaaaaaaaaaaa
0006 2106 0559 0352 0592 0483 0567 2107 0560 0665 0346 0448 0568 0505 0569 0416 0536 0486 0677 0482 B aaaaaaaaaaaaaaaaaaaaaaaa
0007 2106 0559 0352 0593 0483 0567 2106 0559 0665 0345 0447 0568 0505 0569 0416 0536 0486 0677 0482 B aaaaaaaaaaaaaaaaaaaaaaaa
0008 2105 0559 0351 0594 0484 0567 2106 0559 0665 0345 0447 0567 0505 0569 0416 0536 0486 0678 0483 B aaaaaaaaaaaaaaaaaaaaaaaa
0009 2104 0558 0351 0595 0484 0566 2105 0559 0665 0344 0446 0567 0505 0569 0416 0537 0486 0678 0483 B aaaaaaaaaaaaaaaaaaaaaaaa
0010 2103 0558 0351 0596 0485 0566 2104 0559 0665 0344 0446 0567 0505 0569 0416 0537 0486 0678 0483 B aaaaaaaaaaaaaaaaaaaaaaaa
0011 2102 0558 0350 0597 0486 0566 2103 0558 0665 0343 0445 0567 0505 0568 0416 0537 0486 0678 0483 B aaaaaaaaaaaaaaaaaaaaaaaa
0012 2101 0557 0350 0598 0486 0566 2102 0558 0665 0343 0445 0566 0505 0568 0415 0537 0486 0678 0483 B aaaaaaaaaaaaaaaaaaaaaaaa
0013 2100 0557 0349 0599 0487 0565 2101 0558 0665 0342 0444 0566 0505 0568 0415 0537 0485 0678 0483 B aaaaaaaaaaaaaaaaaaaaaaaa
0014 2099 0557 0349 0600 0488 0565 2100 0557 0665 0341 0444 0565 0505 0568 0415 0537 0485 0678 0483 B aaaaaaaaaaaaaaaaaaaaaaaa
0015 2098 0556 0349 0602 0489 0564 2098 0557 0665 0341 0443 0565 0505 0568 0415 0537 0485 0678 0483 B aaaaaaaaaaaaaaaaaaaaaaaa
0016 2097 0556 0348 0603 0490 0564 2097 0556 0665 0340 0442 0565 0505 0568 0415 0537 0485 0678 0484 B aaaaaaaaaaaaaaaaaaaaaaaa
0017 2095 0555 0348 0605 0491 0563 2096 0556 0665 0339 0442 0564 0505 0567 0415 0537 0485 0678 0484 B aaaaaaaaaaaaaaaaaaaaaaaa
0018 2094 0555 0347 0606 0492 0563 2095 0556 0665 0338 0441 0564 0504 0567 0414 0538 0484 0678 0484 B aaaaaaaaaaaaaaaaaaaaaaaa
0019 2093 0554 0346 0608 0493 0562 2093 0555 0665 0338 0440 0563 0504 0567 0414 0538 0484 0678 0484 B aaaaaaaaaaaaaaaaaaaaaaaa
0020 2092 0554 0346 0610 0494 0562 2092 0554 0665 0337 0439 0563 0504 0567 0414 0538 0484 0678 0484 B aaaaaaaaaaaaaaaaaaaaaaaa
0021 2090 0553 0345 0611 0495 0561 2091 0554 0665 0336 0438 0562 0504 0567 0414 0538 0484 0677 0484 B aaaaaaaaaaaaaaaaaaaaaaaa
0022 2089 0553 0345 0613 0496 0561 2090 0553 0665 0335 0437 0561 0504 0566 0413 0538 0483 0677 0484 B aaaaaaaaaaaaaaaaaaaaaaaa
0023 2088 0552 0344 0615 0497 0560 2088 0553 0664 0334 0437 0561 0504 0566 0413 0538 0483 0677 0484 B aaaaaaaaaaaaaaaaaaaaaaaa
0024 2086 0551 0344 0617 0499 0559 2087 0552 0664 0333 0436 0560 0504 0566 0413 0539 0483 0677 0484 B aaaaaaaaaaaaaaaaaaaaaaaa
0025 2085 0551 0343 0619 0500 0559 2086 0551 0664 0332 0435 0559 0504 0566 0412 0539 0483 0677 0484 B aaaaaaaaaaaaaaaaaaaaaaaa
0026 2084 0550 0342 0621 0501 0558 2085 0551 0664 0332 0434 0559 0503 0566 0412 0539 0482 0677 0484 B aaaaaaaaaaaaaaaaaaaaaaaa
0027 2083 0549 0342 0623 0503 0557 2083 0550 0664 0331 0433 0558 0503 0565 0411 0539 0482 0677 0484 B aaaaaaaaaaaaaaaaaaaaaaaa
0028 2081 0549 0341 0625 0504 0556 2082 0549 0664 0330 0432 0557 0503 0565 0411 0539 0482 0677 0484 B aaaaaaaaaaaaaaaaaaaaaaaa
0029 2080 0548 0341 0627 0505 0556 2081 0549 0663 0329 0431 0556 0503 0565 0411 0539 0481 0676 0484 B aaaaaaaaaaaaaaaaaaaaaaaa
0030 2079 0547 0340 0629 0507 0555 2080 0548 0663 0328 0430 0555 0503 0565 0410 0540 0481 0676 0484 B aaaaaaaaaaaaaaaaaaaaaaaa
0031 2078 0546 0340 0631 0508 0554 2078 0547 0663 0327 0429 0555 0502 0564 0409 0540 0481 0676 0484 B aaaaaaaaaaaaaaaaaaaaaaaa
0032 2077 0546 0339 0634 0510 0553 2077 0546 0663 0326 0428 0554 0502 0564 0409 0540 0480 0676 0484 B aaaaaaaaaaaaaaaaaaaaaaaa
0033 2076 0545 0338 0636 0511 0552 2076 0545 0662 0326 0427 0553 0502 0564 0408 0540 0480 0675 0484 B aaaaaaaaaaaaaaaaaaaaaaaa
0034 2074 0544 0338 0638 0513 0551 2075 0545 0662 0325 0425 0552 0502 0563 0408 0540 0480 0675 0484 B aaaaaaaaaaaaaaaaaaaaaaaa
0035 2073 0543 0337 0640 0515 0550 2074 0544 0662 0324 0424 0551 0501 0563 0407 0540 0479 0675 0484 B aaaaaaaaaaaaaaaaaaaaaaaa
0036 2072 0542 0337 0642 0516 0549 2073 0543 0661 0323 0423 0550 0501 0563 0406 0540 0479 0674 0484 B aaaaaaaaaaaaaaaaaaaaaaaa
0037 2071 0541 0337 0645 0518 0548 2072 0542 0661 0322 0422 0549 0500 0563 0406 0541 0479 0674 0484 B aaaaaaaaaaaaaaaaaaaaaaaa
0038 2070 0541 0336 0647 0520 0547 2071 0541 0660 0322 0421 0548 0500 0562 0405 0541 0478 0673 0484 B aaaaaaaaaaaaaaaaaaaaaaaa
0039 2069 0540 0336 0649 0521 0546 2070 0540 0660 0321 0420 0547 0500 0562 0404 0541 0478 0673 0483 B aaaaaaaaaaaaaaaaaaaaaaaa
0040 2068 0539 0335 0651 0523 0545 2069 0539 0659 0320 0419 0546 0499 0562 0403 0541 0478 0672 0483 B aaaaaaaaaaaaaaaaaaaaaaaa
0041 2067 0538 0335 0653 0525 0544 2068 0538 0659 0320 0418 0544 0499 0561 0403 0541 0477 0672 0483 B aaaaaaaaaaaaaaaaaaaaaaaa
0042 2066 0537 0335 0655 0527 0543 2067 0537 0658 0319 0417 0543 0498 0561 0402 0541 0477 0671 0483 B aaaaaaaaaaaaaaaaaaaaaaaa
0043 2065 0536 0334 0658 0528 0542 2066 0536 0657 0319 0415 0542 0498 0561 0401 0541 0477 0671 0483 B aaaaaaaaaaaaaaaaaaaaaaaa
0044 2064 0535 0334 0660 0530 0540 2065 0535 0657 0318 0414 0541 0497 0561 0400 0541 0476 0670 0483 B aaaaaaaaaaaaaaaaaaaaaaaa
0045 2064 0534 0334 0662 0532 0539 2064 0534 0656 0318 0413 0540 0497 0560 0399 0541 0476 0669 0482 B aaaaaaaaaaaaaaaaaaaaaaaa
0046 2063 0533 0334 0664 0534 0538 2063 0533 0655 0317 0412 0538 0496 0560 0398 0541 0476 0669 0482 B aaaaaaaaaaaaaaaaaaaaaaaa
0047 2062 0532 0334 0666 0536 0537 2062 0532 0654 0317 0411 0537 0496 0560 0397 0541 0475 0668 0482 B aaaaaaaaaaaaaaaaaaaaaaaa
0048 2061 0530 0333 0668 0538 0535 2061 0531 0653 0317 0410 0536 0495 0559 0396 0541 0475 0667 0482 B aaaaaaaaaaaaaaaaaaaaaaaa
0049 2060 0529 0333 0670 0540 0534 2060 0530 0653 0317 0409 0534 0495 0559 0395 0541 0475 0666 0481 B aaaaaaaaaaaaaaaaaaaaaaaa
0050 2059 0528 0333 0672 0541 0533 2060 0528 0652 0316 0408 0533 0494 0559 0394 0541 0474 0665 0481 B aaaaaaaaaaaaaaaaaaaaaaaa
0051 2059 0527 0333 0674 0543 0531 2059 0527 0651 0316 0407 0531 0494 0558 0393 0541 0474 0664 0481 B aaaaaaaaaaaaaaaaaaaaaaaa
0052 2058 0526 0333 0676 0545 0530 2058 0526 0649 0316 0406 0530 0493 0558 0392 0541 0473 0663 0480 B aaaaaaaaaaaaaaaaaaaaaaaa
0053 2057 0525 0334 0678 0547 0528 2057 0525 0648 0316 0405 0528 0492 0558 0391 0541 0473 0662 0480 B aaaaaaaaaaaaaaaaaaaaaaaa
0054 2057 0524 0334 0679 0549 0527 2057 0524 0647 0316 0404 0527 0492 0557 0390 0541 0473 0661 0480 B aaaaaaaaaaaaaaaaaaaaaaaa
0055 2056 0522 0334 0681 0551 0525 2056 0522 0646 0317 0403 0525 0491 0557 0389 0541 0472 0659 0480 B aaaaaaaaaaaaaaaaaaaaaaaa
0056 2055 0521 0334 0683 0553 0524 2055 0521 0645 0317 0402 0524 0490 0557 0388 0541 0472 0658 0479 B aaaaaaaaaaaaaaaaaaaaaaaa
0057 2055 0520 0334 0684 0555 0522 2055 0520 0643 0317 0401 0522 0490 0556 0387 0541 0472 0657 0479 B aaaaaaaaaaaaaaaaaaaaaaaa
0058 2054 0518 0335 0686 0557 0521 2054 0518 0642 0318 0400 0521 0489 0556 0386 0541 0471 0655 0478 B aaaaaaaaaaaaaaaaaaaaaaaa
0059 2053 0517 0335 0687 0559 0519 2053 0517 0641 0318 0399 0519 0488 0556 0385 0540 0471 0654 0478 B aaaaaaaaaaaaaaaaaaaaaaaa
0060 2053 0516 0336 0689 0560 0517 2053 0516 0639 0319 0398 0517 0488 0555 0383 0540 0471 0652 0478 B aaaaaaaaaaaaaaaaaaaaaaaa
0061 2052 0515 0336 0690 0562 0516 2052 0515 0638 0319 0397 0516 0487 0555 0382 0540 0470 0651 0477 B aaaaaaaaaaaaaaaaaaaaaaaa
0062 2052 0513 0337 0691 0564 0514 2052 0513 0636 0320 0396 0514 0486 0555 0381 0540 0470 0649 0477 B aaaaaaaaaaaaaaaaaaaaaaaa
0063 2051 0512 0338 0692 0566 0513 2051 0512 0635 0321 0396 0513 0486 0554 0380 0539 0470 0648 0477 B aaaaaaaaaaaaaaaaaaaaaaaa
0064 2051 0511 0338 0694 0568 0511 2051 0511 0633 0322 0395 0511 0485 0554 0379 0539 0469 0646 0476 B aaaaaaaaaaaaaaaaaaaaaaaa
0065 2050 0509 0339 0694 0569 0509 2050 0509 0631 0323 0394 0509 0484 0553 0378 0539 0469 0645 0476 B aaaaaaaaaaaaaaaaaaaaaaaa
0066 2050 0508 0340 0695 0571 0508 2050 0508 0630 0324 0394 0508 0484 0553 0378 0539 0469 0643 0476 B aaaaaaaaaaaaaaaaaaaaaaaa
0067 2050 0507 0341 0696 0572 0506 2050 0507 0628 0325 0393 0506 0483 0553 0377 0538 0468 0641 0475 B aaaaaaaaaaaaaaaaaaaaaaaa
0068 2049 0505 0341 0697 0574 0505 2049 0505 0626 0326 0393 0505 0482 0552 0376 0538 0468 0640 0475 B aaaaaaaaaaaaaaaaaaaaaaaa
0069 2049 0504 0342 0697 0576 0503 2049 0504 0625 0327 0392 0503 0482 0552 0375 0538 0468 0638 0475 B aaaaaaaaaaaaaaaaaaaaaaaa
0070 2049 0503 0343 0698 0577 0501 2049 0503 0623 0329 0392 0501 0481 0552 0374 0537 0468 0636 0474 B aaaaaaaaaaaaaaaaaaaaaaaa
0071 2048 0501 0344 0698 0579 0500 2048 0501 0621 0330 0392 0500 0480 0551 0373 0537 0467 0635 0474 B aaaaaaaaaaaaaaaaaaaaaaaa
0072 2048 0500 0345 0699 0580 0498 2048 0500 0619 0332 0391 0498 0480 0551 0373 0536 0467 0633 0474 B aaaaaaaaaaaaaaaaaaaaaaaa
0073 2048 0499 0346 0699 0581 0497 2048 0499 0618 0333 0391 0497 0479 0550 0372 0536 0467 0631 0473 B aaaaaaaaaaaaaaaaaaaaaaaa
0074 2048 0497 0347 0699 0583 0495 2048 0497 0616 0335 0391 0495 0478 0550 0371 0536 0466 0630 0473 B aaaaaaaaaaaaaaaaaaaaaaaa
0075 2048 0496 0349 0699 0584 0494 2048 0496 0614 0336 0391 0494 0478 0550 0371 0535 0466 0628 0473 B aaaaaaaaaaaaaaaaaaaaaaaa
0076 2047 0495 0350 0699 0585 0492 2047 0495 0612 0338 0390 0492 0477 0549 0370 0535 0466 0627 0473 B aaaaaaaaaaaaaaaaaaaaaaaa
0077 2047 0494 0351 0699 0586 0491 2047 0494 0611 0340 0390 0491 0477 0549 0370 0534 0466 0625 0472 B aaaaaaaaaaaaaaaaaaaaaaaa
0078 2047 0492 0352 0699 0587 0489 2047 0492 0609 0341 0390 0490 0476 0549 0369 0534 0465 0624 0472 B aaaaaaaaaaaaaaaaaaaaaaaa
0079 2047 0491 0353 0699 0588 0488 2047 0491 0607 0343 0390 0488 0476 0548 0369 0534 0465 0622 0472 B aaaaaaaaaaaaaaaaaaaaaaaa
0080 2047 0490 0354 0699 0589 0487 2047 0490 0606 0345 0390 0487 0475 0548 0369 0533 0465 0621 0472 B aaaaaaaaaaaaaaaaaaaaaaaa
0081 2047 0489 0355 0699 0590 0485 2047 0489 0604 0347 0390 0486 0475 0548 0368 0533 0464 0619 0471 B aaaaaaaaaaaaaaaaaaaaaaaa
0082 2047 0488 0357 0698 0591 0484 2047 0488 0602 0348 0390 0484 0474 0547 0368 0532 0464 0618 0471 B aaaaaaaaaaaaaaaaaaaaaaaa
0083 2047 0486 0358 0698 0592 0483 2047 0487 0601 0350 0391 0483 0474 0547 0368 0532 0464 0617 0471 B aaaaaaaaaaaaaaaaaaaaaaaa
0084 2047 0485 0359 0697 0593 0482 2047 0485 0599 0352 0391 0482 0473 0547 0368 0532 0464 0616 0471 B aaaaaaaaaaaaaaaaaaaaaaaa
0085 2047 0484 0360 0697 0594 0480 2047 0484 0597 0354 0391 0481 0473 0546 0367 0531 0463 0614 0470 B aaaaaaaaaaaaaaaaaaaaaaaa
0086 2047 0483 0361 0696 0594 0479 2047 0483 0596 0356 0391 0480 0472 0546 0367 0531 0463 0613 0470 B aaaaaaaaaaaaaaaaaaaaaaaa
0087 2047 0482 0363 0696 0595 0478 2047 0482 0594 0358 0391 0478 0472 0545 0367 0531 0463 0612 0470 B aaaaaaaaaaaaaaaaaaaaaaaa
0088 2047 0481 0364 0695 0596 0477 2048 0481 0593 0360 0392 0477 0472 0545 0367 0530 0463 0611 0470 B aaaaaaaaaaaaaaaaaaaaaaaa
0089 2047 0480 0365 0695 0596 0476 2048 0480 0591 0362 0392 0476 0471 0545 0367 0530 0462 0610 0470 B aaaaaaaaaaaaaaaaaaaaaaaa
0090 2048 0479 0366 0694 0597 0475 2048 0479 0589 0363 0392 0475 0471 0545 0367 0530 0462 0609 0469 B aaaaaaaaaaaaaaaaaaaaaaaa
0091 2048 0478 0367 0693 0597 0474 2048 0478 0588 0365 0393 0474 0471 0544 0367 0530 0462 0608 0469 B aaaaaaaaaaaaaaaaaaaaaaaa
0092 2048 0477 0368 0693 0598 0473 2048 0477 0586 0367 0393 0473 0470 0544 0367 0529 0462 0607 0469 B aaaaaaaaaaaaaaaaaaaaaaaa
0093 2048 0476 0370 0692 0598 0472 2048 0476 0585 0369 0393 0472 0470 0544 0367 0529 0461 0606 0469 B aaaaaaaaaaaaaaaaaaaaaaaa
0094 2048 0475 0371 0691 0599 0471 2049 0475 0584 0371 0394 0471 0470 0543 0367 0529 0461 0605 0469 B aaaaaaaaaaaaaaaaaaaaaaaa
0095 2049 0474 0372 0690 0599 0470 2049 0474 0582 0373 0394 0470 0469 0543 0367 0528 0461 0604 0469 B aaaaaaaaaaaaaaaaaaaaaaaa
0096 2049 0473 0373 0690 0600 0469 2049 0473 0581 0375 0395 0469 0469 0543 0367 0528 0461 0604 0469 B aaaaaaaaaaaaaaaaaaaaaaaa
0097 2049 0472 0374 0689 0600 0468 2049 0473 0579 0377 0395 0469 0469 0543 0367 0528 0461 0603 0468 B aaaaaaaaaaaaaaaaaaaaaaaa
0098 2049 0471 0375 0688 0600 0467 2050 0472 0578 0379 0395 0468 0468 0542 0367 0528 0460 0602 0468 B aaaaaaaaaaaaaaaaaaaaaaaa
0099 2050 0471 0376 0687 0601 0467 2050 0471 0577 0380 0396 0467 0468 0542 0367 0528 0460 0601 0468 B aaaaaaaaaaaaaaaaaaaaaaaa
0100 2050 0470 0377 0687 0601 0466 2050 0470 0575 0382 0396 0466 0468 0542 0367 0527 0460 0601 0468 B aaaaaaaaaaaaaaaaaaaaaaaa
0101 2050 0469 0378 0686 0601 0465 2051 0469 0574 0384 0397 0465 0468 0541 0367 0527 0460 0600 0468 B aaaaaaaaaaaaaaaaaaaaaaaa
0102 2051 0468 0379 0685 0601 0464 2051 0469 0573 0386 0397 0465 0467 0541 0367 0527 0460 0600 0468 B aaaaaaaaaaaaaaaaaaaaaaaa
0103 2051 0468 0380 0684 0602 0464 2051 0468 0572 0387 0398 0464 0467 0541 0367 0527 0459 0599 0468 B aaaaaaaaaaaaaaaaaaaaaaaa
0104 2051 0467 0381 0684 0602 0463 2052 0467 0570 0389 0398 0463 0467 0541 0367 0527 0459 0599 0468 B aaaaaaaaaaaaaaaaaaaaaaaa
0105 2052 0466 0382 0683 0602 0462 2052 0467 0569 0391 0399 0463 0467 0541 0367 0526 0459 0598 0468 B aaaaaaaaaaaaaaaaaaaaaaaa
0106 2052 0466 0383 0682 0602 0462 2052 0466 0568 0392 0399 0462 0466 0540 0367 0526 0459 0598 0467 B aaaaaaaaaaaaaaaaaaaaaaaa
0107 2052 0465 0384 0681 0602 0461 2053 0465 0567 0394 0400 0462 0466 0540 0368 0526 0459 0597 0467 B aaaaaaaaaaaaaaaaaaaaaaaa
0108 2053 0464 0384 0681 0603 0461 2053 0465 0566 0395 0400 0461 0466 0540 0368 0526 0459 0597 0467 B aaaaaaaaaaaaaaaaaaaaaaaa
0109 2053 0464 0385 0680 0603 0460 2053 0464 0565 0397 0400 0461 0466 0540 0368 0526 0459 0597 0467 B aaaaaaaaaaaaaaaaaaaaaaaa
0110 2053 0463 0386 0679 0603 0460 2054 0464 0564 0398 0401 0460 0465 0540 0368 0526 0458 0596 0467 B aaaaaaaaaaaaaaaaaaaaaaaa
0111 2054 0463 0387 0679 0603 0459 2054 0463 0563 0400 0401 0460 0465 0540 0368 0525 0458 0596 0467 B aaaaaaaaaaaaaaaaaaaaaaaa
0112 2054 0462 0387 0678 0603 0459 2054 0463 0562 0401 0402 0459 0465 0539 0368 0525 0458 0596 0467 B aaaaaaaaaaaaaaaaaaaaaaaa
0113 2054 0462 0388 0678 0603 0458 2055 0462 0561 0402 0402 0459 0465 0539 0368 0525 0458 0595 0467 B aaaaaaaaaaaaaaaaaaaaaaaa
0114 2055 0462 0388 0677 0603 0458 2055 0462 0561 0403 0403 0458 0465 0539 0368 0525 0458 0595 0467 B aaaaaaaaaaaaaaaaaaaaaaaa
0115 2055 0461 0389 0677 0603 0458 2055 0462 0560 0405 0403 0458 0465 0539 0368 0525 0458 0595 0467 B aaaaaaaaaaaaaaaaaaaaaaaa
0116 2055 0461 0390 0676 0603 0457 2056 0461 0559 0406 0403 0458 0465 0539 0368 0525 0458 0595 0467 B aaaaaaaaaaaaaaaaaaaaaaaa
0117 2056 0460 0390 0676 0604 0457 2056 0461 0559 0407 0404 0457 0464 0539 0368 0525 0458 0595 0467 B aaaaaaaaaaaaaaaaaaaaaaaa
0118 2056 0460 0390 0675 0604 0457 2056 0461 0558 0407 0404 0457 0464 0539 0368 0525 0458 0594 0467 B aaaaaaaaaaaaaaaaaaaaaaaa
0119 2056 0460 0391 0675 0604 0456 2056 0460 0558 0408 0404 0457 0464 0539 0369 0525 0458 0594 0467 B aaaaaaaaaaaaaaaaaaaaaaaa
0120 2056 0460 0391 0675 0604 0456 2057 0460 0557 0409 0404 0457 0464 0539 0369 0525 0458 0594 0467 B aaaaaaaaaaaaaaaaaaaaaaaa
0121 2056 0459 0391 0674 0604 0456 2057 0460 0557 0410 0405 0456 0464 0539 0369 0525 0458 0594 0467 B aaaaaaaaaaaaaaaaaaaaaaaa
0122 2057 0459 0392 0674 0604 0456 2057 0460 0556 0410 0405 0456 0464 0538 0369 0525 0457 0594 0467 B aaaaaaaaaaaaaaaaaaaaaaaa
0123 2057 0459 0392 0674 0604 0456 2057 0460 0556 0411 0405 0456 0464 0538 0369 0525 0457 0594 0467 B aaaaaaaaaaaaaaaaaaaaaaaa
0124 2057 0459 0392 0674 0604 0456 2057 0459 0556 0411 0405 0456 0464 0538 0369 0524 0457 0594 0467 B aaaaaaaaaaaaaaaaaaaaaaaa
0125 2057 0459 0392 0674 0604 0456 2057 0459 0556 0411 0405 0456 0464 0538 0369 0524 0457 0594 0467 B aaaaaaaaaaaaaaaaaaaaaaaa
0126 2057 0459 0392 0674 0604 0455 2057 0459 0556 0411 0405 0456 0464 0538 0369 0524 0457 0594 0467 B aaaaaaaaaaaaaaaaaaaaaaaa
0127 2057 0459 0392 0674 0604 0455 2057 0459 0556 0411 0405 0456 0464 0538 0369 0524 0457 0594 0467 B aaaaaaaaaaaaaaaaaaaaaaaa
0128 2057 0459 0392 0674 0604 0455 2057 0459 0556 0411 0405 0456 0464 0538 0369 0524 0457 0594 0467 B aaaaaaaaaaaaaaaaaaaaaaaa
0129 2057 0459 0392 0674 0604 0455 2057 0459 0556 0411 0405 0456 0464 0538 0369 0524 0457 0594 0467 R aaaaaaaaaaaaaaaaaaaaaaaa
0130 2056 0459 0392 0674 0604 0455 2057 0459 0557 0410 0405 0456 0464 0538 0368 0524 0457 0594 0467 R aaaaaaaaaaaaaaaaaaaaaaaa
0131 2056 0459 0392 0674 0604 0455 2056 0459 0558 0408 0404 0456 0464 0538 0368 0524 0457 0593 0467 R aaaaaaaaaaaaaaaaaaaaaaaa
0132 2055 0459 0392 0674 0604 0455 2055 0460 0559 0407 0404 0456 0464 0538 0367 0524 0457 0593 0466 R aaaaaaaaaaaaaaaaaaaaaaaa
0133 2054 0459 0391 0674 0603 0455 2054 0460 0561 0404 0403 0456 0464 0538 0367 0524 0457 0593 0466 R aaaaaaaaaaaaaaaaaaaaaaaa
0134 2053 0460 0391 0675 0603 0455 2053 0460 0563 0401 0402 0456 0464 0538 0366 0524 0457 0593 0466 R aaaaaaaaaaaaaaaaaaaaaaaa
0135 2052 0460 0390 0675 0603 0455 2052 0460 0565 0398 0402 0456 0464 0539 0365 0524 0457 0592 0466 R aaaaaaaaaaaaaaaaaaaaaaaa
0136 2051 0460 0390 0676 0603 0455 2051 0460 0568 0395 0401 0456 0464 0539 0364 0524 0457 0592 0466 R aaaaaaaaaaaaaaaaaaaaaaaa
0137 2050 0460 0389 0676 0603 0455 2050 0460 0571 0391 0400 0456 0465 0539 0363 0524 0457 0592 0466 R aaaaaaaaaaaaaaaaaaaaaaaa
0138 2049 0460 0388 0677 0603 0456 2049 0461 0574 0387 0399 0456 0465 0539 0362 0524 0458 0592 0466 R aaaaaaaaaaaaaaaaaaaaaaaa
0139 2047 0461 0387 0677 0603 0456 2047 0461 0578 0382 0398 0456 0465 0539 0361 0524 0458 0592 0466 R aaaaaaaaaaaaaaaaaaaaaaaa
0140 2046 0461 0387 0678 0602 0456 2046 0461 0581 0378 0397 0456 0465 0539 0360 0524 0458 0592 0466 R aaaaaaaaaaaaaaaaaaaaaaaa
0141 2045 0461 0386 0679 0602 0456 2045 0461 0585 0373 0396 0455 0465 0539 0359 0524 0458 0592 0466 R aaaaaaaaaaaaaaaaaaaaaaaa
0142 2044 0462 0385 0680 0602 0456 2044 0461 0589 0368 0396 0455 0465 0539 0357 0524 0458 0592 0465 R aaaaaaaaaaaaaaaaaaaaaaaa
0143 2043 0462 0384 0680 0602 0456 2043 0462 0594 0363 0395 0455 0465 0539 0356 0524 0458 0592 0465 R aaaaaaaaaaaaaaaaaaaaaaaa
0144 2042 0462 0383 0681 0602 0456 2042 0462 0598 0358 0394 0455 0465 0539 0354 0524 0458 0592 0465 R aaaaaaaaaaaaaaaaaaaaaaaa
0145 2042 0463 0381 0682 0602 0456 2041 0462 0603 0353 0394 0455 0465 0540 0353 0524 0458 0592 0465 R aaaaaaaaaaaaaaaaaaaaaaaa
0146 2041 0463 0380 0683 0602 0456 2040 0462 0608 0348 0394 0455 0465 0540 0351 0524 0458 0592 0465 R aaaaaaaaaaaaaaaaaaaaaaaa
0147 2040 0463 0379 0685 0602 0456 2039 0462 0613 0343 0394 0455 0465 0540 0349 0523 0458 0593 0465 R aaaaaaaaaaaaaaaaaaaaaaaa
0148 2039 0464 0378 0686 0601 0456 2038 0463 0618 0338 0394 0455 0465 0540 0347 0523 0458 0593 0464 R aaaaaaaaaaaaaaaaaaaaaaaa
0149 2039 0464 0376 0687 0601 0456 2038 0463 0623 0332 0394 0455 0465 0540 0345 0523 0458 0593 0464 R aaaaaaaaaaaaaaaaaaaaaaaa
0150 2038 0464 0375 0688 0601 0456 2037 0463 0629 0327 0394 0454 0465 0541 0343 0523 0458 0594 0464 R aaaaaaaaaaaaaaaaaaaaaaaa
0151 2038 0465 0373 0690 0601 0456 2036 0463 0635 0322 0395 0454 0465 0541 0341 0523 0458 0594 0464 R aaaaaaaaaaaaaaaaaaaaaaaa
0152 2037 0465 0372 0691 0601 0456 2036 0464 0640 0317 0396 0454 0465 0541 0339 0523 0458 0595 0464 R aaaaaaaaaaaaaaaaaaaaaaaa
0153 2037 0466 0370 0693 0601 0456 2035 0464 0646 0313 0397 0454 0465 0541 0337 0523 0458 0595 0463 R aaaaaaaaaaaaaaaaaaaaaaaa
0154 2036 0466 0369 0694 0601 0456 2035 0464 0652 0308 0398 0454 0465 0541 0335 0523 0459 0596 0463 R aaaaaaaaaaaaaaaaaaaaaaaa
0155 2036 0467 0367 0696 0601 0456 2034 0465 0658 0304 0400 0454 0465 0542 0332 0523 0459 0597 0463 R aaaaaaaaaaaaaaaaaaaaaaaa
0156 2036 0467 0365 0698 0601 0456 2034 0465 0665 0299 0401 0453 0465 0542 0330 0523 0459 0598 0463 R aaaaaaaaaaaaaaaaaaaaaaaa
0157 2036 0468 0364 0699 0601 0456 2033 0465 0671 0295 0404 0453 0465 0542 0327 0522 0459 0598 0462 R aaaaaaaaaaaaaaaaaaaaaaaa
0158 2036 0469 0362 0701 0601 0456 2033 0466 0677 0291 0406 0453 0465 0543 0325 0522 0459 0599 0462 R aaaaaaaaaaaaaaaaaaaaaaaa
0159 2036 0469 0360 0703 0601 0456 2033 0466 0683 0288 0409 0453 0465 0543 0322 0522 0459 0600 0462 R aaaaaaaaaaaaaaaaaaaaaaaa
0160 2036 0470 0358 0705 0601 0456 2033 0466 0689 0285 0412 0453 0465 0543 0320 0522 0459 0601 0462 R aaaaaaaaaaaaaaaaaaaaaaaa
0161 2036 0470 0357 0706 0601 0456 2033 0467 0695 0282 0415 0452 0464 0544 0318 0522 0459 0602 0461 R aaaaaaaaaaaaaaaaaaaaaaaa
0162 2037 0471 0355 0708 0601 0456 2033 0467 0700 0280 0418 0452 0464 0544 0315 0522 0459 0602 0461 R aaaaaaaaaaaaaaaaaaaaaaaa
0163 2037 0471 0353 0710 0601 0456 2033 0467 0706 0278 0421 0452 0464 0544 0313 0522 0460 0603 0461 R aaaaaaaaaaaaaaaaaaaaaaaa
0164 2037 0472 0352 0711 0601 0456 2033 0467 0711 0276 0425 0452 0464 0545 0311 0521 0460 0604 0461 R aaaaaaaaaaaaaaaaaaaaaaaa
0165 2038 0472 0350 0713 0601 0457 2033 0468 0716 0274 0428 0452 0464 0545 0309 0521 0460 0605 0460 R aaaaaaaaaaaaaaaaaaaaaaaa
0166 2038 0473 0349 0714 0601 0457 2034 0468 0721 0273 0432 0452 0464 0545 0307 0521 0460 0605 0460 R aaaaaaaaaaaaaaaaaaaaaaaa
0167 2038 0473 0347 0716 0601 0457 2034 0468 0725 0273 0435 0451 0464 0546 0305 0521 0460 0606 0460 R aaaaaaaaaaaaaaaaaaaaaaaa
0168 2039 0474 0346 0717 0601 0457 2034 0468 0729 0272 0439 0451 0464 0546 0303 0521 0460 0607 0460 R aaaaaaaaaaaaaaaaaaaaaaaa
0169 2039 0474 0345 0718 0601 0457 2034 0469 0733 0272 0442 0451 0464 0546 0302 0521 0460 0607 0460 R aaaaaaaaaaaaaaaaaaaaaaaa
0170 2040 0475 0344 0719 0601 0457 2035 0469 0736 0271 0446 0451 0464 0546 0300 0520 0460 0608 0460 R aaaaaaaaaaaaaaaaaaaaaaaa
0171 2040 0475 0343 0721 0601 0457 2035 0469 0740 0271 0449 0451 0464 0547 0299 0520 0460 0609 0459 R aaaaaaaaaaaaaaaaaaaaaaaa
0172 2041 0475 0342 0722 0601 0457 2035 0469 0743 0272 0452 0450 0464 0547 0297 0520 0460 0609 0459 R aaaaaaaaaaaaaaaaaaaaaaaa
0173 2041 0476 0341 0723 0601 0457 2035 0469 0746 0272 0455 0450 0464 0547 0296 0520 0461 0610 0459 R aaaaaaaaaaaaaaaaaaaaaaaa
0174 2042 0476 0340 0723 0601 0457 2036 0469 0748 0272 0458 0450 0464 0547 0295 0520 0461 0610 0459 R aaaaaaaaaaaaaaaaaaaaaaaa
0175 2042 0476 0339 0724 0601 0457 2036 0469 0751 0273 0461 0450 0464 0547 0294 0520 0461 0610 0459 R aaaaaaaaaaaaaaaaaaaaaaaa
0176 2042 0477 0338 0725 0601 0457 2036 0470 0753 0273 0464 0450 0464 0548 0293 0520 0461 0611 0459 R aaaaaaaaaaaaaaaaaaaaaaaa
0177 2043 0477 0337 0726 0601 0457 2036 0470 0755 0274 0466 0450 0464 0548 0292 0520 0461 0611 0459 R aaaaaaaaaaaaaaaaaaaaaaaa
0178 2043 0477 0337 0726 0601 0457 2037 0470 0757 0274 0469 0450 0464 0548 0291 0519 0461 0612 0458 R aaaaaaaaaaaaaaaaaaaaaaaa
0179 2043 0477 0336 0727 0601 0457 2037 0470 0759 0275 0471 0449 0464 0548 0290 0519 0461 0612 0458 R aaaaaaaaaaaaaaaaaaaaaaaa
0180 2044 0477 0336 0728 0601 0457 2037 0470 0760 0276 0473 0449 0463 0548 0289 0519 0461 0612 0458 R aaaaaaaaaaaaaaaaaaaaaaaa
0181 2044 0478 0335 0728 0601 0457 2037 0470 0761 0276 0475 0449 0463 0548 0289 0519 0461 0612 0458 R aaaaaaaaaaaaaaaaaaaaaaaa
0182 2044 0478 0335 0729 0601 0457 2037 0470 0763 0277 0477 0449 0463 0548 0288 0519 0461 0613 0458 R aaaaaaaaaaaaaaaaaaaaaaaa
0183 2045 0478 0334 0729 0601 0457 2037 0470 0764 0277 0479 0449 0463 0549 0288 0519 0461 0613 0458 R aaaaaaaaaaaaaaaaaaaaaaaa
0184 2045 0478 0334 0729 0601 0457 2038 0470 0765 0278 0480 0449 0463 0549 0287 0519 0461 0613 0458 R aaaaaaaaaaaaaaaaaaaaaaaa
0185 2045 0478 0334 0730 0601 0457 2038 0470 0765 0279 0482 0449 0463 0549 0287 0519 0461 0613 0458 R aaaaaaaaaaaaaaaaaaaaaaaa
0186 2045 0478 0333 0730 0601 0457 2038 0470 0766 0279 0483 0449 0463 0549 0286 0519 0461 0613 0458 R aaaaaaaaaaaaaaaaaaaaaaaa
0187 2045 0478 0333 0730 0601 0457 2038 0470 0767 0279 0484 0449 0463 0549 0286 0519 0461 0613 0458 R aaaaaaaaaaaaaaaaaaaaaaaa
0188 2045 0478 0333 0730 0601 0457 2038 0470 0767 0280 0485 0449 0463 0549 0286 0519 0461 0613 0458 R aaaaaaaaaaaaaaaaaaaaaaaa
0189 2046 0478 0333 0730 0601 0457 2038 0470 0767 0280 0485 0449 0463 0549 0286 0519 0461 0613 0458 R aaaaaaaaaaaaaaaaaaaaaaaa
0190 2046 0478 0333 0730 0601 0457 2038 0470 0768 0280 0485 0449 0463 0549 0286 0519 0461 0614 0458 R aaaaaaaaaaaaaaaaaaaaaaaa
0191 2046 0478 0333 0731 0601 0457 2038 0470 0768 0280 0486 0449 0463 0549 0286 0519 0461 0614 0458 R aaaaaaaaaaaaaaaaaaaaaaaa
0192 2046 0478 0333 0731 0601 0457 2038 0470 0768 0280 0486 0449 0463 0549 0286 0519 0461 0614 0458 R aaaaaaaaaaaaaaaaaaaaaaaa
0193 2046 0478 0333 0730 0601 0457 2038 0470 0768 0281 0486 0449 0463 0549 0286 0519 0461 0613 0458 R aaaaaaaaaaaaaaaaaaaaaaaa
0194 2045 0478 0333 0730 0601 0457 2038 0470 0767 0281 0486 0449 0464 0549 0286 0518 0461 0613 0458 R aaaaaaaaaaaaaaaaaaaaaaaa
0195 2045 0478 0333 0730 0601 0457 2038 0470 0766 0283 0486 0449 0464 0549 0287 0518 0461 0613 0458 R aaaaaaaaaaaaaaaaaaaaaaaa
0196 2044 0478 0334 0729 0600 0457 2037 0470 0765 0284 0487 0449 0464 0549 0287 0518 0461 0613 0458 R aaaaaaaaaaaaaaaaaaaaaaaa
0197 2044 0478 0334 0728 0600 0457 2037 0470 0763 0287 0488 0449 0465 0548 0288 0518 0461 0613 0458 R aaaaaaaaaaaaaaaaaaaaaaaa
0198 2043 0477 0334 0727 0599 0457 2037 0470 0762 0289 0488 0450 0465 0548 0290 0518 0461 0612 0459 R aaaaaaaaaaaaaaaaaaaaaaaa
0199 2042 0477 0335 0726 0599 0457 2036 0470 0759 0292 0489 0450 0466 0548 0291 0518 0461 0612 0459 R aaaaaaaaaaaaaaaaaaaaaaaa
0200 2041 0477 0336 0724 0598 0457 2035 0470 0757 0296 0491 0450 0466 0548 0293 0518 0461 0612 0459 R aaaaaaaaaaaaaaaaaaaaaaaa
0201 2040 0476 0337 0723 0597 0457 2034 0470 0754 0300 0492 0451 0467 0547 0295 0518 0460 0611 0459 R aaaaaaaaaaaaaaaaaaaaaaaa
0202 2039 0476 0338 0721 0597 0457 2034 0470 0751 0305 0493 0451 0468 0547 0297 0517 0460 0611 0460 R aaaaaaaaaaaaaaaaaaaaaaaa
0203 2037 0475 0339 0719 0596 0457 2033 0470 0748 0310 0495 0451 0469 0546 0299 0517 0460 0610 0460 R aaaaaaaaaaaaaaaaaaaaaaaa
0204 2036 0474 0340 0717 0595 0457 2031 0470 0744 0316 0497 0452 0470 0546 0301 0517 0460 0610 0460 R aaaaaaaaaaaaaaaaaaaaaaaa
0205 2034 0474 0341 0714 0594 0457 2030 0469 0740 0322 0500 0452 0471 0545 0304 0517 0460 0609 0461 R aaaaaaaaaaaaaaaaaaaaaaaa
0206 2032 0473 0342 0712 0592 0457 2028 0469 0735 0330 0502 0453 0472 0545 0307 0517 0459 0609 0461 R aaaaaaaaaaaaaaaaaaaaaaaa
0207 2030 0472 0344 0709 0591 0457 2027 0469 0730 0337 0505 0453 0473 0544 0310 0516 0459 0608 0462 R aaaaaaaaaaaaaaaaaaaaaaaa
0208 2027 0472 0345 0706 0590 0457 2025 0469 0725 0345 0508 0454 0474 0544 0313 0516 0459 0607 0463 R aaaaaaaaaaaaaaaaaaaaaaaa
0209 2025 0471 0346 0704 0589 0457 2023 0469 0720 0354 0511 0454 0476 0543 0317 0516 0458 0607 0463 R aaaaaaaaaaaaaaaaaaaaaaaa
0210 2022 0470 0348 0701 0587 0456 2020 0468 0715 0362 0514 0454 0477 0542 0320 0516 0458 0606 0464 R aaaaaaaaaaaaaaaaaaaaaaaa
0211 2019 0469 0349 0698 0586 0456 2018 0468 0709 0371 0517 0455 0478 0542 0323 0516 0458 0606 0464 R aaaaaaaaaaaaaaaaaaaaaaaa
0212 2016 0469 0351 0695 0585 0456 2015 0468 0704 0379 0521 0455 0479 0541 0326 0516 0458 0606 0465 R aaaaaaaaaaaaaaaaaaaaaaaa
0213 2013 0468 0352 0693 0583 0456 2012 0467 0699 0387 0524 0455 0481 0541 0329 0516 0457 0605 0466 R aaaaaaaaaaaaaaaaaaaaaaaa
0214 2010 0467 0353 0690 0582 0456 2009 0467 0695 0394 0527 0456 0482 0540 0332 0516 0457 0605 0467 R aaaaaaaaaaaaaaaaaaaaaaaa
0215 2006 0467 0354 0688 0581 0456 2006 0467 0691 0402 0529 0456 0483 0540 0334 0517 0457 0605 0467 R aaaaaaaaaaaaaaaaaaaaaaaa
0216 2003 0466 0355 0686 0580 0456 2003 0466 0687 0408 0532 0456 0484 0539 0337 0517 0456 0606 0468 R aaaaaaaaaaaaaaaaaaaaaaaa
0217 2000 0466 0356 0684 0579 0456 2000 0466 0683 0414 0534 0456 0485 0539 0339 0517 0456 0606 0469 R aaaaaaaaaaaaaaaaaaaaaaaa
0218 1996 0465 0357 0682 0578 0456 1997 0466 0680 0420 0537 0456 0485 0539 0341 0517 0456 0606 0470 R aaaaaaaaaaaaaaaaaaaaaaaa
0219 1993 0465 0358 0681 0577 0456 1994 0465 0677 0424 0538 0456 0486 0538 0342 0518 0455 0606 0471 R aaaaaaaaaaaaaaaaaaaaaaaa
0220 1991 0464 0358 0679 0576 0456 1991 0465 0675 0428 0540 0456 0487 0538 0344 0518 0455 0607 0471 R aaaaaaaaaaaaaaaaaaaaaaaa
0221 1989 0464 0359 0678 0576 0456 1989 0465 0673 0431 0541 0456 0487 0538 0345 0519 0455 0607 0472 R aaaaaaaaaaaaaaaaaaaaaaaa
0222 1987 0464 0359 0678 0576 0456 1988 0464 0672 0433 0542 0456 0488 0537 0346 0519 0455 0608 0472 R aaaaaaaaaaaaaaaaaaaaaaaa
0223 1987 0464 0359 0677 0575 0456 1987 0464 0671 0434 0542 0456 0488 0537 0346 0519 0455 0608 0472 R aaaaaaaaaaaaaaaaaaaaaaaa
0224 1987 0464 0359 0677 0575 0456 1987 0464 0671 0434 0542 0456 0488 0537 0346 0519 0455 0608 0472 R aaaaaaaaaaaaaaaaaaaaaaaa
