0384->prawa_calaaaaaaaaaaaaaaaaaaaaaaaaaaaaaaaaaaaaaaaaaaaaaa0001 1989 0464 0358 0679 0576 0455 1989 0465 0673 0431 0541 0456 0487 0538 0345 0519 0455 0607 0472 B aaaaaaaaaaaaaaaaaaaaaaaa
0002 1986 0464 0359 0677 0575 0456 1987 0465 0672 0433 0542 0456 0488 0537 0346 0519 0455 0607 0472 B aaaaaaaaaaaaaaaaaaaaaaaa
0003 1988 0464 0359 0678 0576 0456 1988 0464 0672 0433 0542 0456 0488 0537 0346 0519 0455 0608 0472 B aaaaaaaaaaaaaaaaaaaaaaaa
0004 1988 0464 0359 0678 0576 0456 1988 0465 0672 0433 0542 0456 0488 0537 0346 0519 0455 0608 0472 B aaaaaaaaaaaaaaaaaaaaaaaa
0005 1988 0464 0359 0678 0576 0456 1989 0465 0672 0432 0541 0457 0488 0538 0346 0519 0455 0608 0472 B aaaaaaaaaaaaaaaaaaaaaaaa
0006 1989 0464 0359 0678 0576 0456 1990 0465 0672 0432 0541 0457 0488 0538 0346 0519 0455 0608 0472 B aaaaaaaaaaaaaaaaaaaaaaaa
0007 1990 0464 0359 0679 0577 0456 1990 0465 0672 0431 0541 0457 0488 0538 0346 0519 0455 0608 0472 B aaaaaaaaaaaaaaaaaaaaaaaa
0008 1990 0465 0359 0679 0577 0457 1991 0465 0673 0430 0540 0457 0488 0538 0346 0519 0455 0608 0471 B aaaaaaaaaaaaaaaaaaaaaaaa
0009 1991 0465 0359 0680 0578 0457 1992 0466 0673 0429 0540 0457 0487 0538 0346 0519 0455 0608 0471 B aaaaaaaaaaaaaaaaaaaaaaaa
0010 1992 0465 0359 0680 0578 0457 1993 0466 0673 0428 0539 0458 0487 0538 0346 0519 0455 0608 0471 B aaaaaaaaaaaaaaaaaaaaaaaa
0011 1993 0466 0359 0681 0579 0457 1994 0466 0674 0427 0538 0458 0487 0538 0346 0519 0456 0608 0471 B aaaaaaaaaaaaaaaaaaaaaaaa
0012 1994 0466 0359 0681 0579 0458 1995 0467 0674 0426 0538 0458 0487 0538 0346 0519 0456 0609 0471 B aaaaaaaaaaaaaaaaaaaaaaaa
0013 1995 0466 0359 0682 0580 0458 1996 0467 0675 0425 0537 0459 0487 0539 0346 0519 0456 0609 0471 B aaaaaaaaaaaaaaaaaaaaaaaa
0014 1996 0467 0359 0683 0580 0458 1997 0467 0675 0424 0536 0459 0487 0539 0346 0519 0456 0609 0471 B aaaaaaaaaaaaaaaaaaaaaaaa
0015 1998 0467 0359 0683 0581 0459 1998 0468 0675 0422 0535 0460 0487 0539 0346 0519 0456 0609 0471 B aaaaaaaaaaaaaaaaaaaaaaaa
0016 1999 0467 0359 0684 0582 0459 1999 0468 0676 0421 0534 0460 0487 0539 0346 0519 0456 0609 0470 B aaaaaaaaaaaaaaaaaaaaaaaa
0017 2000 0468 0359 0685 0582 0460 2001 0469 0676 0419 0533 0461 0486 0539 0346 0519 0456 0609 0470 B aaaaaaaaaaaaaaaaaaaaaaaa
0018 2001 0468 0359 0686 0583 0460 2002 0469 0677 0418 0532 0461 0486 0540 0346 0520 0457 0609 0470 B aaaaaaaaaaaaaaaaaaaaaaaa
0019 2002 0469 0359 0686 0584 0461 2003 0470 0678 0416 0531 0462 0486 0540 0346 0520 0457 0610 0470 B aaaaaaaaaaaaaaaaaaaaaaaa
0020 2004 0469 0359 0687 0585 0461 2004 0470 0678 0414 0530 0462 0486 0540 0346 0520 0457 0610 0470 B aaaaaaaaaaaaaaaaaaaaaaaa
0021 2005 0470 0359 0688 0586 0462 2006 0471 0679 0413 0529 0463 0486 0540 0346 0520 0457 0610 0470 B aaaaaaaaaaaaaaaaaaaaaaaa
0022 2006 0471 0359 0689 0587 0463 2007 0471 0679 0411 0528 0463 0486 0541 0346 0520 0457 0611 0470 B aaaaaaaaaaaaaaaaaaaaaaaa
0023 2008 0471 0360 0690 0587 0463 2008 0472 0680 0409 0527 0464 0486 0541 0347 0520 0458 0611 0470 B aaaaaaaaaaaaaaaaaaaaaaaa
0024 2009 0472 0360 0691 0588 0464 2009 0473 0680 0407 0526 0465 0485 0541 0347 0520 0458 0611 0470 B aaaaaaaaaaaaaaaaaaaaaaaa
0025 2010 0473 0360 0692 0589 0465 2011 0473 0681 0405 0524 0465 0485 0541 0347 0520 0458 0612 0470 B aaaaaaaaaaaaaaaaaaaaaaaa
0026 2011 0473 0360 0692 0590 0465 2012 0474 0682 0403 0523 0466 0485 0542 0347 0520 0458 0612 0470 B aaaaaaaaaaaaaaaaaaaaaaaa
0027 2013 0474 0360 0693 0591 0466 2013 0475 0682 0401 0521 0467 0485 0542 0347 0521 0459 0612 0470 B aaaaaaaaaaaaaaaaaaaaaaaa
0028 2014 0475 0360 0694 0592 0467 2015 0475 0683 0399 0520 0468 0485 0542 0347 0521 0459 0613 0470 B aaaaaaaaaaaaaaaaaaaaaaaa
0029 2015 0475 0361 0695 0593 0468 2016 0476 0683 0397 0519 0468 0485 0543 0347 0521 0459 0613 0470 B aaaaaaaaaaaaaaaaaaaaaaaa
0030 2016 0476 0361 0696 0594 0469 2017 0477 0684 0395 0517 0469 0484 0543 0348 0521 0459 0614 0470 B aaaaaaaaaaaaaaaaaaaaaaaa
0031 2018 0477 0361 0697 0595 0469 2018 0477 0684 0393 0516 0470 0484 0543 0348 0522 0460 0614 0470 B aaaaaaaaaaaaaaaaaaaaaaaa
0032 2019 0478 0361 0698 0596 0470 2019 0478 0685 0390 0514 0471 0484 0544 0348 0522 0460 0615 0470 B aaaaaaaaaaaaaaaaaaaaaaaa
0033 2020 0479 0362 0698 0597 0471 2020 0479 0686 0388 0513 0472 0484 0544 0348 0522 0460 0616 0470 B aaaaaaaaaaaaaaaaaaaaaaaa
0034 2021 0479 0362 0699 0599 0472 2022 0480 0686 0386 0511 0473 0484 0544 0349 0522 0460 0616 0470 B aaaaaaaaaaaaaaaaaaaaaaaa
0035 2022 0480 0362 0700 0600 0473 2023 0481 0687 0384 0509 0474 0484 0545 0349 0523 0461 0617 0470 B aaaaaaaaaaaaaaaaaaaaaaaa
0036 2023 0481 0363 0701 0601 0474 2024 0482 0687 0382 0508 0475 0483 0545 0350 0523 0461 0618 0470 B aaaaaaaaaaaaaaaaaaaaaaaa
0037 2024 0482 0363 0702 0602 0475 2025 0483 0687 0379 0506 0476 0483 0545 0350 0523 0461 0618 0470 B aaaaaaaaaaaaaaaaaaaaaaaa
0038 2025 0483 0364 0702 0603 0476 2026 0483 0688 0377 0504 0477 0483 0546 0350 0524 0462 0619 0470 B aaaaaaaaaaaaaaaaaaaaaaaa
0039 2026 0484 0364 0703 0604 0477 2027 0484 0688 0375 0503 0478 0483 0546 0351 0524 0462 0620 0471 B aaaaaaaaaaaaaaaaaaaaaaaa
0040 2027 0485 0365 0704 0605 0478 2028 0485 0689 0373 0501 0479 0483 0546 0351 0525 0462 0621 0471 B aaaaaaaaaaaaaaaaaaaaaaaa
0041 2028 0486 0365 0704 0606 0480 2029 0486 0689 0371 0499 0480 0483 0547 0352 0525 0462 0621 0471 B aaaaaaaaaaaaaaaaaaaaaaaa
0042 2029 0487 0366 0705 0607 0481 2030 0487 0689 0369 0497 0481 0483 0547 0353 0526 0463 0622 0471 B aaaaaaaaaaaaaaaaaaaaaaaa
0043 2030 0488 0367 0705 0609 0482 2031 0488 0690 0366 0496 0482 0483 0547 0353 0526 0463 0623 0471 B aaaaaaaaaaaaaaaaaaaaaaaa
0044 2031 0489 0367 0706 0610 0483 2032 0489 0690 0364 0494 0483 0483 0548 0354 0527 0463 0624 0471 B aaaaaaaaaaaaaaaaaaaaaaaa
0045 2032 0490 0368 0706 0611 0484 2032 0490 0690 0362 0492 0485 0483 0548 0355 0527 0464 0625 0472 B aaaaaaaaaaaaaaaaaaaaaaaa
0046 2033 0491 0369 0707 0612 0486 2033 0491 0690 0360 0490 0486 0483 0548 0355 0528 0464 0626 0472 B aaaaaaaaaaaaaaaaaaaaaaaa
0047 2034 0492 0370 0707 0613 0487 2034 0492 0690 0358 0488 0487 0483 0549 0356 0528 0464 0627 0472 B aaaaaaaaaaaaaaaaaaaaaaaa
0048 2035 0493 0371 0707 0614 0488 2035 0493 0691 0356 0486 0489 0483 0549 0357 0529 0465 0628 0472 B aaaaaaaaaaaaaaaaaaaaaaaa
0049 2036 0494 0371 0707 0615 0490 2036 0495 0691 0354 0484 0490 0483 0549 0358 0529 0465 0629 0473 B aaaaaaaaaaaaaaaaaaaaaaaa
0050 2036 0496 0372 0708 0616 0491 2037 0496 0691 0352 0483 0491 0483 0550 0359 0530 0465 0630 0473 B aaaaaaaaaaaaaaaaaaaaaaaa
0051 2037 0497 0373 0708 0617 0493 2037 0497 0691 0350 0481 0493 0483 0550 0360 0530 0466 0631 0473 B aaaaaaaaaaaaaaaaaaaaaaaa
0052 2038 0498 0375 0708 0618 0494 2038 0498 0691 0348 0479 0494 0483 0550 0361 0531 0466 0632 0474 B aaaaaaaaaaaaaaaaaaaaaaaa
0053 2039 0499 0376 0708 0619 0495 2039 0499 0690 0346 0477 0496 0483 0551 0362 0532 0466 0633 0474 B aaaaaaaaaaaaaaaaaaaaaaaa
0054 2039 0500 0377 0708 0620 0497 2039 0500 0690 0345 0475 0497 0483 0551 0363 0532 0467 0634 0474 B aaaaaaaaaaaaaaaaaaaaaaaa
0055 2040 0502 0378 0707 0621 0498 2040 0502 0690 0343 0473 0499 0483 0551 0365 0533 0467 0635 0474 B aaaaaaaaaaaaaaaaaaaaaaaa
0056 2041 0503 0379 0707 0622 0500 2041 0503 0690 0341 0471 0500 0483 0552 0366 0534 0467 0636 0475 B aaaaaaaaaaaaaaaaaaaaaaaa
0057 2041 0504 0381 0707 0623 0502 2041 0504 0690 0340 0469 0502 0483 0552 0367 0534 0468 0637 0475 B aaaaaaaaaaaaaaaaaaaaaaaa
0058 2042 0505 0382 0706 0624 0503 2042 0505 0689 0338 0467 0503 0483 0553 0369 0535 0468 0638 0475 B aaaaaaaaaaaaaaaaaaaaaaaa
0059 2043 0507 0383 0706 0625 0505 2043 0507 0689 0337 0465 0505 0484 0553 0370 0536 0468 0639 0476 B aaaaaaaaaaaaaaaaaaaaaaaa
0060 2043 0508 0385 0705 0626 0506 2043 0508 0688 0335 0464 0506 0484 0553 0371 0536 0469 0640 0476 B aaaaaaaaaaaaaaaaaaaaaaaa
0061 2044 0509 0386 0705 0627 0508 2044 0509 0688 0334 0462 0508 0484 0554 0373 0537 0469 0642 0477 B aaaaaaaaaaaaaaaaaaaaaaaa
0062 2044 0511 0388 0704 0628 0510 2044 0511 0687 0333 0460 0510 0484 0554 0374 0538 0469 0643 0477 B aaaaaaaaaaaaaaaaaaaaaaaa
0063 2045 0512 0389 0703 0628 0511 2045 0512 0686 0332 0458 0511 0484 0554 0376 0538 0470 0644 0477 B aaaaaaaaaaaaaaaaaaaaaaaa
0064 2045 0513 0391 0702 0629 0513 2045 0513 0686 0330 0456 0513 0485 0555 0378 0539 0470 0645 0478 B aaaaaaaaaaaaaaaaaaaaaaaa
0065 2046 0515 0393 0701 0630 0514 2046 0515 0685 0330 0455 0514 0485 0555 0379 0540 0470 0645 0478 B aaaaaaaaaaaaaaaaaaaaaaaa
0066 2046 0516 0394 0700 0630 0516 2046 0516 0684 0329 0453 0516 0485 0555 0381 0540 0471 0646 0478 B aaaaaaaaaaaaaaaaaaaaaaaa
0067 2046 0517 0396 0699 0631 0518 2046 0517 0683 0328 0452 0518 0486 0555 0383 0541 0471 0647 0479 B aaaaaaaaaaaaaaaaaaaaaaaa
0068 2047 0519 0398 0698 0631 0519 2047 0519 0683 0327 0450 0519 0486 0556 0384 0542 0472 0648 0479 B aaaaaaaaaaaaaaaaaaaaaaaa
0069 2047 0520 0399 0697 0632 0521 2047 0520 0682 0327 0448 0521 0486 0556 0386 0542 0472 0649 0479 B aaaaaaaaaaaaaaaaaaaaaaaa
0070 2047 0521 0401 0695 0632 0523 2047 0521 0681 0326 0447 0523 0487 0556 0388 0543 0472 0650 0480 B aaaaaaaaaaaaaaaaaaaaaaaa
0071 2048 0523 0403 0694 0632 0524 2048 0523 0680 0326 0445 0524 0487 0557 0389 0544 0473 0650 0480 B aaaaaaaaaaaaaaaaaaaaaaaa
0072 2048 0524 0405 0692 0633 0526 2048 0524 0679 0325 0444 0526 0488 0557 0391 0544 0473 0651 0480 B aaaaaaaaaaaaaaaaaaaaaaaa
0073 2048 0525 0406 0691 0633 0527 2048 0525 0678 0325 0443 0527 0488 0557 0393 0545 0473 0652 0481 B aaaaaaaaaaaaaaaaaaaaaaaa
0074 2048 0526 0408 0689 0633 0529 2048 0527 0677 0325 0441 0529 0488 0558 0394 0546 0474 0652 0481 B aaaaaaaaaaaaaaaaaaaaaaaa
0075 2048 0528 0410 0688 0633 0530 2048 0528 0675 0325 0440 0530 0489 0558 0396 0546 0474 0653 0481 B aaaaaaaaaaaaaaaaaaaaaaaa
0076 2049 0529 0412 0686 0634 0532 2049 0529 0674 0325 0439 0532 0489 0558 0397 0547 0475 0654 0481 B aaaaaaaaaaaaaaaaaaaaaaaa
0077 2049 0530 0413 0684 0634 0533 2049 0530 0673 0325 0438 0533 0490 0558 0399 0547 0475 0654 0482 B aaaaaaaaaaaaaaaaaaaaaaaa
0078 2049 0531 0415 0683 0634 0534 2049 0532 0672 0325 0437 0535 0490 0559 0400 0548 0475 0654 0482 B aaaaaaaaaaaaaaaaaaaaaaaa
0079 2049 0533 0417 0681 0634 0536 2049 0533 0671 0325 0436 0536 0490 0559 0402 0548 0476 0655 0482 B aaaaaaaaaaaaaaaaaaaaaaaa
0080 2049 0534 0418 0679 0634 0537 2049 0534 0670 0325 0435 0537 0491 0559 0403 0549 0476 0655 0482 B aaaaaaaaaaaaaaaaaaaaaaaa
0081 2049 0535 0420 0677 0634 0538 2049 0535 0669 0325 0434 0539 0491 0559 0405 0549 0476 0655 0483 B aaaaaaaaaaaaaaaaaaaaaaaa
0082 2049 0536 0422 0676 0634 0540 2049 0536 0667 0326 0433 0540 0492 0560 0406 0550 0477 0656 0483 B aaaaaaaaaaaaaaaaaaaaaaaa
0083 2049 0537 0423 0674 0633 0541 2049 0538 0666 0326 0432 0541 0492 0560 0407 0550 0477 0656 0483 B aaaaaaaaaaaaaaaaaaaaaaaa
0084 2049 0538 0425 0672 0633 0542 2049 0539 0665 0327 0431 0542 0492 0560 0408 0551 0477 0656 0483 B aaaaaaaaaaaaaaaaaaaaaaaa
0085 2049 0540 0427 0670 0633 0543 2049 0540 0664 0327 0430 0544 0493 0561 0410 0551 0478 0656 0484 B aaaaaaaaaaaaaaaaaaaaaaaa
0086 2049 0541 0428 0668 0633 0544 2049 0541 0663 0328 0430 0545 0493 0561 0411 0551 0478 0657 0484 B aaaaaaaaaaaaaaaaaaaaaaaa
0087 2048 0542 0430 0666 0633 0546 2049 0542 0661 0328 0429 0546 0493 0561 0412 0552 0478 0657 0484 B aaaaaaaaaaaaaaaaaaaaaaaa
0088 2048 0543 0431 0664 0632 0547 2049 0543 0660 0329 0428 0547 0494 0561 0413 0552 0479 0657 0484 B aaaaaaaaaaaaaaaaaaaaaaaa
0089 2048 0544 0433 0662 0632 0548 2049 0544 0659 0329 0428 0548 0494 0562 0414 0553 0479 0657 0484 B aaaaaaaaaaaaaaaaaaaaaaaa
0090 2048 0545 0435 0661 0632 0549 2048 0545 0658 0330 0427 0549 0494 0562 0415 0553 0479 0657 0484 B aaaaaaaaaaaaaaaaaaaaaaaa
0091 2048 0546 0436 0659 0631 0550 2048 0546 0657 0331 0427 0550 0494 0562 0416 0553 0480 0657 0485 B aaaaaaaaaaaaaaaaaaaaaaaa
0092 2048 0547 0438 0657 0631 0551 2048 0547 0656 0331 0426 0551 0495 0562 0417 0554 0480 0657 0485 B aaaaaaaaaaaaaaaaaaaaaaaa
0093 2047 0548 0439 0655 0631 0552 2048 0548 0654 0332 0426 0552 0495 0562 0418 0554 0480 0657 0485 B aaaaaaaaaaaaaaaaaaaaaaaa
0094 2047 0549 0441 0653 0630 0553 2048 0549 0653 0333 0425 0553 0495 0563 0419 0554 0481 0657 0485 B aaaaaaaaaaaaaaaaaaaaaaaa
0095 2047 0550 0442 0651 0630 0554 2047 0550 0652 0334 0425 0554 0496 0563 0420 0555 0481 0657 0485 B aaaaaaaaaaaaaaaaaaaaaaaa
0096 2047 0550 0443 0649 0629 0554 2047 0551 0651 0334 0424 0555 0496 0563 0420 0555 0481 0657 0485 B aaaaaaaaaaaaaaaaaaaaaaaa
0097 2046 0551 0445 0647 0629 0555 2047 0552 0650 0335 0424 0556 0496 0563 0421 0555 0481 0657 0486 B aaaaaaaaaaaaaaaaaaaaaaaa
0098 2046 0552 0446 0645 0629 0556 2047 0553 0649 0336 0424 0557 0496 0564 0422 0556 0482 0657 0486 B aaaaaaaaaaaaaaaaaaaaaaaa
0099 2046 0553 0447 0644 0628 0557 2046 0553 0648 0337 0423 0557 0496 0564 0422 0556 0482 0657 0486 B aaaaaaaaaaaaaaaaaaaaaaaa
0100 2046 0554 0449 0642 0628 0558 2046 0554 0647 0337 0423 0558 0497 0564 0423 0556 0482 0657 0486 B aaaaaaaaaaaaaaaaaaaaaaaa
0101 2045 0555 0450 0640 0627 0558 2046 0555 0646 0338 0423 0559 0497 0564 0424 0556 0482 0657 0486 B aaaaaaaaaaaaaaaaaaaaaaaa
0102 2045 0555 0451 0638 0627 0559 2045 0556 0645 0339 0423 0560 0497 0564 0424 0557 0483 0657 0486 B aaaaaaaaaaaaaaaaaaaaaaaa
0103 2045 0556 0452 0637 0626 0560 2045 0556 0644 0340 0422 0560 0497 0564 0425 0557 0483 0657 0486 B aaaaaaaaaaaaaaaaaaaaaaaa
0104 2044 0557 0454 0635 0626 0561 2045 0557 0643 0340 0422 0561 0497 0565 0425 0557 0483 0657 0486 B aaaaaaaaaaaaaaaaaaaaaaaa
0105 2044 0557 0455 0633 0625 0561 2044 0558 0642 0341 0422 0562 0498 0565 0426 0557 0483 0656 0486 B aaaaaaaaaaaaaaaaaaaaaaaa
0106 2044 0558 0456 0632 0625 0562 2044 0558 0641 0342 0422 0562 0498 0565 0426 0558 0484 0656 0486 B aaaaaaaaaaaaaaaaaaaaaaaa
0107 2043 0559 0457 0630 0624 0562 2044 0559 0640 0343 0422 0563 0498 0565 0427 0558 0484 0656 0487 B aaaaaaaaaaaaaaaaaaaaaaaa
0108 2043 0559 0458 0629 0624 0563 2043 0560 0640 0343 0421 0563 0498 0565 0427 0558 0484 0656 0487 B aaaaaaaaaaaaaaaaaaaaaaaa
0109 2043 0560 0459 0627 0624 0563 2043 0560 0639 0344 0421 0564 0498 0565 0427 0558 0484 0656 0487 B aaaaaaaaaaaaaaaaaaaaaaaa
0110 2042 0560 0460 0626 0623 0564 2043 0561 0638 0345 0421 0564 0498 0565 0428 0558 0484 0656 0487 B aaaaaaaaaaaaaaaaaaaaaaaa
0111 2042 0561 0461 0624 0623 0564 2042 0561 0637 0345 0421 0565 0498 0566 0428 0559 0484 0656 0487 B aaaaaaaaaaaaaaaaaaaaaaaa
0112 2041 0561 0462 0623 0622 0565 2042 0562 0637 0346 0421 0565 0499 0566 0428 0559 0485 0656 0487 B aaaaaaaaaaaaaaaaaaaaaaaa
0113 2041 0562 0463 0622 0622 0565 2042 0562 0636 0346 0421 0566 0499 0566 0429 0559 0485 0656 0487 B aaaaaaaaaaaaaaaaaaaaaaaa
0114 2041 0562 0463 0621 0622 0566 2041 0562 0636 0347 0421 0566 0499 0566 0429 0559 0485 0656 0487 B aaaaaaaaaaaaaaaaaaaaaaaa
0115 2041 0562 0464 0620 0621 0566 2041 0563 0635 0347 0421 0566 0499 0566 0429 0559 0485 0656 0487 B aaaaaaaaaaaaaaaaaaaaaaaa
0116 2040 0563 0465 0618 0621 0566 2041 0563 0634 0348 0421 0567 0499 0566 0429 0559 0485 0656 0487 B aaaaaaaaaaaaaaaaaaaaaaaa
0117 2040 0563 0465 0618 0620 0567 2040 0563 0634 0348 0420 0567 0499 0566 0429 0560 0485 0655 0487 B aaaaaaaaaaaaaaaaaaaaaaaa
0118 2040 0563 0466 0617 0620 0567 2040 0564 0634 0349 0420 0567 0499 0566 0429 0560 0485 0655 0487 B aaaaaaaaaaaaaaaaaaaaaaaa
0119 2039 0564 0466 0616 0620 0567 2040 0564 0633 0349 0420 0567 0499 0566 0430 0560 0485 0655 0487 B aaaaaaaaaaaaaaaaaaaaaaaa
0120 2039 0564 0467 0615 0620 0567 2040 0564 0633 0349 0420 0568 0499 0566 0430 0560 0485 0655 0487 B aaaaaaaaaaaaaaaaaaaaaaaa
0121 2039 0564 0467 0614 0619 0567 2039 0564 0633 0350 0420 0568 0499 0566 0430 0560 0485 0655 0487 B aaaaaaaaaaaaaaaaaaaaaaaa
0122 2039 0564 0468 0614 0619 0568 2039 0565 0632 0350 0420 0568 0499 0566 0430 0560 0485 0655 0487 B aaaaaaaaaaaaaaaaaaaaaaaa
0123 2039 0564 0468 0613 0619 0568 2039 0565 0632 0350 0420 0568 0499 0566 0430 0560 0486 0655 0487 B aaaaaaaaaaaaaaaaaaaaaaaa
0124 2039 0564 0468 0613 0619 0568 2039 0565 0632 0350 0420 0568 0499 0567 0430 0560 0486 0655 0487 B aaaaaaaaaaaaaaaaaaaaaaaa
0125 2039 0565 0468 0613 0619 0568 2039 0565 0632 0350 0420 0568 0500 0567 0430 0560 0486 0655 0487 B aaaaaaaaaaaaaaaaaaaaaaaa
0126 2039 0565 0468 0613 0619 0568 2039 0565 0632 0350 0420 0568 0500 0567 0430 0560 0486 0655 0487 B aaaaaaaaaaaaaaaaaaaaaaaa
0127 2039 0565 0468 0613 0619 0568 2039 0565 0632 0350 0420 0568 0500 0567 0430 0560 0486 0655 0487 B aaaaaaaaaaaaaaaaaaaaaaaa
0128 2039 0565 0468 0613 0619 0568 2039 0565 0632 0350 0420 0568 0500 0567 0430 0560 0486 0655 0487 B aaaaaaaaaaaaaaaaaaaaaaaa
0129 2039 0565 0468 0613 0619 0568 2039 0565 0632 0350 0420 0568 0500 0567 0430 0560 0486 0655 0487 L aaaaaaaaaaaaaaaaaaaaaaaa
0130 2039 0565 0468 0613 0619 0568 2039 0565 0632 0350 0420 0568 0500 0567 0430 0560 0486 0655 0487 L aaaaaaaaaaaaaaaaaaaaaaaa
0131 2039 0565 0467 0614 0619 0568 2040 0565 0632 0350 0420 0568 0500 0567 0430 0560 0486 0656 0487 L aaaaaaaaaaaaaaaaaaaaaaaa
0132 2040 0564 0467 0615 0620 0568 2040 0565 0632 0350 0420 0568 0499 0567 0430 0560 0486 0656 0487 L aaaaaaaaaaaaaaaaaaaaaaaa
0133 2040 0564 0466 0617 0620 0568 2041 0565 0632 0350 0420 0568 0499 0567 0431 0560 0486 0656 0487 L aaaaaaaaaaaaaaaaaaaaaaaa
0134 2041 0564 0464 0619 0621 0568 2041 0565 0633 0350 0420 0568 0500 0567 0431 0560 0486 0657 0488 L aaaaaaaaaaaaaaaaaaaaaaaa
0135 2042 0564 0463 0620 0621 0568 2042 0565 0633 0349 0420 0568 0500 0567 0431 0560 0485 0657 0488 L aaaaaaaaaaaaaaaaaaaaaaaa
0136 2042 0564 0461 0623 0622 0568 2043 0564 0633 0349 0420 0568 0500 0566 0431 0560 0485 0658 0488 L aaaaaaaaaaaaaaaaaaaaaaaa
0137 2043 0564 0460 0625 0623 0568 2043 0564 0634 0349 0421 0568 0500 0566 0431 0560 0485 0658 0488 L aaaaaaaaaaaaaaaaaaaaaaaa
0138 2044 0564 0458 0628 0623 0568 2044 0564 0634 0348 0421 0568 0500 0566 0432 0560 0485 0659 0488 L aaaaaaaaaaaaaaaaaaaaaaaa
0139 2045 0564 0456 0630 0624 0568 2045 0564 0635 0348 0421 0568 0500 0566 0432 0560 0485 0660 0488 L aaaaaaaaaaaaaaaaaaaaaaaa
0140 2046 0564 0454 0633 0625 0568 2046 0564 0635 0348 0421 0568 0500 0566 0432 0560 0485 0661 0488 L aaaaaaaaaaaaaaaaaaaaaaaa
0141 2047 0563 0451 0637 0626 0568 2047 0564 0636 0347 0421 0568 0500 0566 0432 0560 0485 0661 0488 L aaaaaaaaaaaaaaaaaaaaaaaa
0142 2048 0563 0449 0640 0627 0568 2048 0563 0636 0347 0421 0568 0500 0566 0432 0560 0485 0662 0488 L aaaaaaaaaaaaaaaaaaaaaaaa
0143 2048 0563 0446 0643 0628 0568 2048 0563 0637 0346 0421 0568 0500 0566 0432 0560 0485 0663 0488 L aaaaaaaaaaaaaaaaaaaaaaaa
0144 2049 0563 0444 0647 0628 0569 2049 0563 0637 0346 0421 0568 0500 0566 0432 0560 0485 0664 0488 L aaaaaaaaaaaaaaaaaaaaaaaa
0145 2050 0563 0441 0650 0629 0569 2050 0563 0638 0345 0421 0568 0500 0566 0432 0560 0485 0665 0488 L aaaaaaaaaaaaaaaaaaaaaaaa
0146 2051 0563 0438 0654 0630 0569 2051 0563 0639 0344 0421 0568 0500 0566 0432 0560 0485 0666 0488 L aaaaaaaaaaaaaaaaaaaaaaaa
0147 2052 0563 0435 0658 0631 0569 2052 0562 0639 0344 0421 0568 0500 0566 0432 0560 0485 0667 0489 L aaaaaaaaaaaaaaaaaaaaaaaa
0148 2053 0562 0432 0662 0632 0569 2052 0562 0640 0343 0421 0568 0500 0566 0432 0560 0485 0669 0489 L aaaaaaaaaaaaaaaaaaaaaaaa
0149 2053 0562 0428 0666 0632 0569 2053 0562 0641 0342 0421 0568 0500 0566 0432 0560 0484 0670 0489 L aaaaaaaaaaaaaaaaaaaaaaaa
0150 2054 0562 0425 0670 0633 0569 2054 0561 0642 0341 0421 0568 0500 0566 0432 0560 0484 0671 0489 L aaaaaaaaaaaaaaaaaaaaaaaa
0151 2055 0562 0422 0674 0634 0569 2054 0561 0643 0341 0421 0568 0500 0566 0432 0560 0484 0672 0489 L aaaaaaaaaaaaaaaaaaaaaaaa
0152 2056 0562 0418 0678 0634 0569 2055 0561 0644 0340 0421 0568 0500 0566 0432 0560 0484 0674 0489 L aaaaaaaaaaaaaaaaaaaaaaaa
0153 2056 0562 0414 0682 0635 0569 2055 0561 0645 0339 0421 0568 0500 0566 0431 0560 0484 0675 0489 L aaaaaaaaaaaaaaaaaaaaaaaa
0154 2057 0562 0411 0687 0635 0569 2056 0560 0646 0338 0421 0568 0500 0566 0431 0560 0484 0677 0489 L aaaaaaaaaaaaaaaaaaaaaaaa
0155 2058 0561 0407 0691 0636 0570 2056 0560 0647 0337 0421 0568 0500 0566 0431 0560 0484 0678 0490 L aaaaaaaaaaaaaaaaaaaaaaaa
0156 2058 0561 0403 0695 0636 0570 2057 0560 0648 0336 0421 0568 0500 0566 0431 0560 0483 0680 0490 L aaaaaaaaaaaaaaaaaaaaaaaa
0157 2059 0561 0399 0699 0636 0570 2057 0559 0649 0335 0421 0568 0500 0566 0430 0560 0483 0681 0490 L aaaaaaaaaaaaaaaaaaaaaaaa
0158 2059 0561 0395 0703 0636 0570 2058 0559 0650 0334 0421 0568 0500 0566 0430 0560 0483 0683 0490 L aaaaaaaaaaaaaaaaaaaaaaaa
0159 2060 0561 0391 0707 0636 0570 2058 0559 0651 0333 0421 0568 0500 0566 0430 0560 0483 0684 0490 L aaaaaaaaaaaaaaaaaaaaaaaa
0160 2060 0560 0387 0711 0636 0570 2058 0558 0652 0332 0421 0568 0500 0565 0429 0560 0483 0686 0490 L aaaaaaaaaaaaaaaaaaaaaaaa
0161 2061 0560 0383 0714 0636 0570 2059 0558 0653 0331 0421 0568 0500 0565 0429 0561 0483 0688 0490 L aaaaaaaaaaaaaaaaaaaaaaaa
0162 2061 0560 0379 0718 0636 0571 2059 0558 0654 0329 0421 0568 0500 0565 0428 0561 0482 0689 0491 L aaaaaaaaaaaaaaaaaaaaaaaa
0163 2061 0560 0376 0721 0635 0571 2059 0557 0655 0328 0421 0568 0501 0565 0428 0561 0482 0691 0491 L aaaaaaaaaaaaaaaaaaaaaaaa
0164 2062 0560 0372 0724 0635 0571 2059 0557 0656 0327 0421 0568 0501 0565 0428 0561 0482 0692 0491 L aaaaaaaaaaaaaaaaaaaaaaaa
0165 2062 0560 0369 0727 0634 0571 2059 0557 0657 0326 0421 0568 0501 0565 0427 0561 0482 0694 0491 L aaaaaaaaaaaaaaaaaaaaaaaa
0166 2062 0559 0365 0730 0634 0571 2059 0556 0658 0325 0421 0568 0501 0565 0427 0561 0482 0695 0491 L aaaaaaaaaaaaaaaaaaaaaaaa
0167 2062 0559 0362 0732 0633 0571 2059 0556 0659 0324 0421 0568 0501 0565 0427 0561 0481 0696 0491 L aaaaaaaaaaaaaaaaaaaaaaaa
0168 2062 0559 0359 0735 0633 0571 2059 0556 0660 0324 0421 0568 0501 0565 0426 0561 0481 0698 0491 L aaaaaaaaaaaaaaaaaaaaaaaa
0169 2062 0559 0357 0737 0632 0571 2059 0556 0660 0323 0421 0568 0501 0565 0426 0561 0481 0699 0491 L aaaaaaaaaaaaaaaaaaaaaaaa
0170 2063 0559 0354 0739 0632 0572 2059 0555 0661 0322 0421 0568 0501 0565 0426 0562 0481 0700 0492 L aaaaaaaaaaaaaaaaaaaaaaaa
0171 2063 0559 0351 0741 0631 0572 2059 0555 0662 0321 0421 0568 0501 0565 0425 0562 0481 0701 0492 L aaaaaaaaaaaaaaaaaaaaaaaa
0172 2063 0559 0349 0743 0630 0572 2059 0555 0663 0320 0421 0568 0501 0565 0425 0562 0481 0702 0492 L aaaaaaaaaaaaaaaaaaaaaaaa
0173 2063 0558 0347 0744 0630 0572 2059 0555 0663 0320 0421 0568 0501 0565 0425 0562 0481 0703 0492 L aaaaaaaaaaaaaaaaaaaaaaaa
0174 2063 0558 0345 0746 0629 0572 2059 0554 0664 0319 0420 0568 0501 0565 0424 0562 0480 0704 0492 L aaaaaaaaaaaaaaaaaaaaaaaa
0175 2063 0558 0343 0747 0628 0572 2059 0554 0664 0318 0420 0568 0501 0565 0424 0562 0480 0705 0492 L aaaaaaaaaaaaaaaaaaaaaaaa
0176 2063 0558 0341 0749 0628 0572 2059 0554 0665 0318 0420 0568 0501 0565 0424 0562 0480 0706 0492 L aaaaaaaaaaaaaaaaaaaaaaaa
0177 2063 0558 0339 0750 0627 0572 2059 0554 0665 0317 0420 0568 0501 0564 0424 0562 0480 0706 0492 L aaaaaaaaaaaaaaaaaaaaaaaa
0178 2063 0558 0337 0751 0627 0572 2059 0554 0666 0317 0420 0568 0501 0564 0424 0562 0480 0707 0492 L aaaaaaaaaaaaaaaaaaaaaaaa
0179 2063 0558 0336 0752 0626 0572 2059 0553 0666 0316 0420 0568 0501 0564 0423 0562 0480 0708 0492 L aaaaaaaaaaaaaaaaaaaaaaaa
0180 2063 0558 0334 0753 0626 0572 2059 0553 0667 0316 0420 0568 0501 0564 0423 0562 0480 0708 0492 L aaaaaaaaaaaaaaaaaaaaaaaa
0181 2063 0558 0333 0754 0625 0572 2059 0553 0667 0315 0420 0568 0501 0564 0423 0562 0480 0709 0492 L aaaaaaaaaaaaaaaaaaaaaaaa
0182 2063 0558 0332 0754 0625 0572 2059 0553 0668 0315 0420 0568 0501 0564 0423 0563 0480 0709 0493 L aaaaaaaaaaaaaaaaaaaaaaaa
0183 2063 0558 0331 0755 0625 0572 2059 0553 0668 0315 0420 0568 0501 0564 0423 0563 0480 0710 0493 L aaaaaaaaaaaaaaaaaaaaaaaa
0184 2063 0558 0330 0756 0624 0573 2059 0553 0668 0314 0420 0568 0501 0564 0423 0563 0480 0710 0493 L aaaaaaaaaaaaaaaaaaaaaaaa
0185 2063 0557 0329 0756 0624 0573 2058 0553 0668 0314 0420 0568 0501 0564 0423 0563 0479 0711 0493 L aaaaaaaaaaaaaaaaaaaaaaaa
0186 2063 0557 0329 0756 0624 0573 2058 0553 0669 0314 0420 0568 0501 0564 0422 0563 0479 0711 0493 L aaaaaaaaaaaaaaaaaaaaaaaa
0187 2063 0557 0328 0757 0623 0573 2058 0553 0669 0314 0420 0568 0501 0564 0422 0563 0479 0711 0493 L aaaaaaaaaaaaaaaaaaaaaaaa
0188 2063 0557 0328 0757 0623 0573 2058 0552 0669 0314 0420 0568 0501 0564 0422 0563 0479 0711 0493 L aaaaaaaaaaaaaaaaaaaaaaaa
0189 2063 0557 0327 0757 0623 0573 2058 0552 0669 0313 0420 0568 0501 0564 0422 0563 0479 0712 0493 L aaaaaaaaaaaaaaaaaaaaaaaa
0190 2063 0557 0327 0757 0623 0573 2058 0552 0669 0313 0420 0568 0501 0564 0422 0563 0479 0712 0493 L aaaaaaaaaaaaaaaaaaaaaaaa
0191 2063 0557 0327 0757 0623 0573 2058 0552 0669 0313 0420 0568 0501 0564 0422 0563 0479 0712 0493 L aaaaaaaaaaaaaaaaaaaaaaaa
0192 2063 0557 0327 0757 0623 0573 2058 0552 0669 0313 0420 0568 0501 0564 0422 0563 0479 0712 0493 L aaaaaaaaaaaaaaaaaaaaaaaa
0193 2063 0557 0327 0757 0623 0573 2058 0552 0669 0313 0420 0568 0501 0564 0422 0563 0479 0712 0493 L aaaaaaaaaaaaaaaaaaaaaaaa
0194 2063 0557 0327 0757 0623 0573 2058 0552 0669 0313 0420 0568 0501 0564 0422 0563 0479 0712 0493 L aaaaaaaaaaaaaaaaaaaaaaaa
0195 2063 0557 0327 0757 0623 0573 2058 0552 0669 0313 0420 0568 0502 0564 0422 0563 0479 0712 0493 L aaaaaaaaaaaaaaaaaaaaaaaa
0196 2063 0557 0327 0757 0623 0573 2058 0552 0669 0314 0420 0568 0502 0564 0422 0563 0479 0711 0493 L aaaaaaaaaaaaaaaaaaaaaaaa
0197 2063 0557 0327 0756 0622 0573 2058 0553 0669 0314 0420 0568 0502 0564 0422 0563 0479 0711 0493 L aaaaaaaaaaaaaaaaaaaaaaaa
0198 2063 0557 0328 0756 0622 0573 2058 0553 0669 0314 0420 0568 0502 0564 0422 0563 0479 0711 0493 L aaaaaaaaaaaaaaaaaaaaaaaa
0199 2063 0557 0328 0755 0622 0572 2058 0553 0669 0314 0420 0568 0502 0564 0422 0562 0479 0711 0493 L aaaaaaaaaaaaaaaaaaaaaaaa
0200 2063 0557 0328 0755 0622 0572 2058 0553 0669 0314 0420 0568 0502 0564 0423 0562 0479 0711 0493 L aaaaaaaaaaaaaaaaaaaaaaaa
0201 2063 0557 0329 0754 0621 0572 2058 0553 0668 0314 0420 0568 0502 0564 0423 0562 0479 0710 0493 L aaaaaaaaaaaaaaaaaaaaaaaa
0202 2063 0557 0329 0753 0621 0572 2059 0553 0668 0315 0421 0568 0502 0564 0423 0562 0480 0710 0493 L aaaaaaaaaaaaaaaaaaaaaaaa
0203 2063 0557 0330 0752 0621 0572 2059 0553 0668 0315 0421 0568 0502 0564 0423 0562 0480 0710 0493 L aaaaaaaaaaaaaaaaaaaaaaaa
0204 2063 0557 0330 0751 0620 0572 2059 0553 0668 0315 0421 0568 0502 0564 0423 0562 0480 0709 0492 L aaaaaaaaaaaaaaaaaaaaaaaa
0205 2063 0557 0331 0750 0620 0572 2059 0553 0668 0316 0421 0568 0502 0564 0423 0562 0480 0709 0492 L aaaaaaaaaaaaaaaaaaaaaaaa
0206 2063 0557 0331 0749 0619 0572 2059 0553 0667 0316 0421 0568 0502 0564 0423 0562 0480 0708 0492 L aaaaaaaaaaaaaaaaaaaaaaaa
0207 2063 0557 0332 0748 0619 0572 2059 0553 0667 0316 0421 0568 0502 0564 0423 0561 0480 0708 0492 L aaaaaaaaaaaaaaaaaaaaaaaa
0208 2063 0557 0333 0747 0618 0572 2059 0553 0667 0317 0422 0568 0502 0564 0423 0561 0480 0707 0492 L aaaaaaaaaaaaaaaaaaaaaaaa
0209 2063 0557 0333 0746 0617 0572 2059 0554 0667 0317 0422 0568 0502 0564 0423 0561 0480 0707 0492 L aaaaaaaaaaaaaaaaaaaaaaaa
0210 2063 0557 0334 0744 0617 0572 2059 0554 0666 0318 0422 0568 0502 0564 0424 0561 0480 0706 0492 L aaaaaaaaaaaaaaaaaaaaaaaa
0211 2062 0558 0335 0743 0616 0571 2059 0554 0666 0318 0422 0568 0502 0565 0424 0561 0480 0705 0492 L aaaaaaaaaaaaaaaaaaaaaaaa
0212 2062 0558 0336 0741 0615 0571 2059 0554 0666 0319 0422 0568 0502 0565 0424 0560 0480 0705 0492 L aaaaaaaaaaaaaaaaaaaaaaaa
0213 2062 0558 0337 0739 0615 0571 2059 0554 0665 0319 0423 0568 0502 0565 0424 0560 0480 0704 0492 L aaaaaaaaaaaaaaaaaaaaaaaa
0214 2062 0558 0338 0737 0614 0571 2059 0554 0665 0320 0423 0568 0502 0565 0424 0560 0481 0703 0492 L aaaaaaaaaaaaaaaaaaaaaaaa
0215 2062 0558 0339 0736 0613 0571 2060 0554 0665 0321 0423 0568 0503 0565 0424 0559 0481 0702 0492 L aaaaaaaaaaaaaaaaaaaaaaaa
0216 2062 0558 0340 0734 0612 0571 2060 0555 0664 0321 0423 0568 0503 0565 0424 0559 0481 0701 0492 L aaaaaaaaaaaaaaaaaaaaaaaa
0217 2062 0558 0341 0731 0611 0571 2060 0555 0664 0322 0424 0568 0503 0565 0425 0559 0481 0701 0492 L aaaaaaaaaaaaaaaaaaaaaaaa
0218 2062 0558 0342 0729 0610 0570 2060 0555 0664 0323 0424 0568 0503 0565 0425 0558 0481 0700 0492 L aaaaaaaaaaaaaaaaaaaaaaaa
0219 2062 0558 0344 0727 0609 0570 2060 0555 0663 0323 0424 0568 0503 0565 0425 0558 0481 0699 0492 L aaaaaaaaaaaaaaaaaaaaaaaa
0220 2062 0558 0345 0725 0608 0570 2060 0555 0663 0324 0425 0568 0503 0565 0425 0558 0481 0698 0492 L aaaaaaaaaaaaaaaaaaaaaaaa
0221 2062 0558 0346 0722 0607 0570 2060 0556 0662 0325 0425 0568 0503 0565 0425 0557 0481 0697 0491 L aaaaaaaaaaaaaaaaaaaaaaaa
0222 2062 0558 0348 0719 0605 0570 2060 0556 0662 0326 0425 0568 0503 0565 0426 0557 0482 0696 0491 L aaaaaaaaaaaaaaaaaaaaaaaa
0223 2062 0558 0349 0717 0604 0570 2061 0556 0661 0327 0426 0568 0503 0565 0426 0557 0482 0695 0491 L aaaaaaaaaaaaaaaaaaaaaaaa
0224 2062 0558 0350 0714 0603 0570 2061 0556 0661 0327 0426 0568 0503 0565 0426 0556 0482 0694 0491 L aaaaaaaaaaaaaaaaaaaaaaaa
0225 2062 0558 0352 0712 0602 0569 2061 0557 0660 0328 0426 0568 0504 0565 0426 0556 0482 0692 0491 L aaaaaaaaaaaaaaaaaaaaaaaa
0226 2062 0558 0353 0709 0600 0569 2061 0557 0660 0329 0427 0568 0504 0565 0426 0555 0482 0691 0491 L aaaaaaaaaaaaaaaaaaaaaaaa
0227 2062 0558 0355 0706 0599 0569 2061 0557 0659 0330 0427 0568 0504 0565 0427 0555 0482 0690 0491 L aaaaaaaaaaaaaaaaaaaaaaaa
0228 2062 0558 0356 0704 0598 0569 2061 0557 0659 0331 0427 0568 0504 0565 0427 0555 0482 0689 0491 L aaaaaaaaaaaaaaaaaaaaaaaa
0229 2062 0558 0358 0701 0597 0569 2061 0557 0658 0332 0428 0568 0504 0566 0427 0554 0483 0688 0491 L aaaaaaaaaaaaaaaaaaaaaaaa
0230 2062 0558 0359 0698 0596 0569 2062 0558 0658 0332 0428 0568 0504 0566 0427 0554 0483 0687 0491 L aaaaaaaaaaaaaaaaaaaaaaaa
0231 2062 0558 0360 0696 0594 0568 2062 0558 0657 0333 0428 0568 0504 0566 0427 0554 0483 0686 0491 L aaaaaaaaaaaaaaaaaaaaaaaa
0232 2062 0558 0362 0694 0593 0568 2062 0558 0657 0334 0429 0568 0504 0566 0428 0553 0483 0685 0490 L aaaaaaaaaaaaaaaaaaaaaaaa
0233 2062 0559 0363 0691 0592 0568 2062 0558 0657 0334 0429 0568 0504 0566 0428 0553 0483 0684 0490 L aaaaaaaaaaaaaaaaaaaaaaaa
0234 2062 0559 0364 0689 0591 0568 2062 0558 0656 0335 0429 0568 0504 0566 0428 0553 0483 0684 0490 L aaaaaaaaaaaaaaaaaaaaaaaa
0235 2062 0559 0365 0687 0590 0568 2062 0558 0656 0336 0429 0568 0504 0566 0428 0552 0483 0683 0490 L aaaaaaaaaaaaaaaaaaaaaaaa
0236 2062 0559 0366 0685 0589 0568 2062 0559 0655 0336 0430 0568 0504 0566 0428 0552 0483 0682 0490 L aaaaaaaaaaaaaaaaaaaaaaaa
0237 2063 0559 0367 0683 0588 0568 2063 0559 0655 0337 0430 0568 0505 0566 0428 0552 0484 0681 0490 L aaaaaaaaaaaaaaaaaaaaaaaa
0238 2063 0559 0368 0681 0587 0568 2063 0559 0655 0337 0430 0568 0505 0566 0428 0552 0484 0681 0490 L aaaaaaaaaaaaaaaaaaaaaaaa
0239 2063 0559 0369 0679 0586 0568 2063 0559 0655 0338 0430 0568 0505 0566 0428 0551 0484 0680 0490 L aaaaaaaaaaaaaaaaaaaaaaaa
0240 2063 0559 0370 0677 0586 0568 2063 0559 0654 0338 0431 0568 0505 0566 0428 0551 0484 0679 0490 L aaaaaaaaaaaaaaaaaaaaaaaa
0241 2063 0559 0371 0676 0585 0567 2063 0559 0654 0339 0431 0568 0505 0566 0429 0551 0484 0679 0490 L aaaaaaaaaaaaaaaaaaaaaaaa
0242 2063 0559 0372 0674 0584 0567 2063 0559 0654 0339 0431 0568 0505 0566 0429 0551 0484 0678 0490 L aaaaaaaaaaaaaaaaaaaaaaaa
0243 2063 0559 0373 0673 0583 0567 2063 0560 0653 0340 0431 0568 0505 0566 0429 0550 0484 0678 0490 L aaaaaaaaaaaaaaaaaaaaaaaa
0244 2063 0559 0373 0671 0583 0567 2063 0560 0653 0340 0431 0568 0505 0566 0429 0550 0484 0677 0490 L aaaaaaaaaaaaaaaaaaaaaaaa
0245 2063 0559 0374 0670 0582 0567 2063 0560 0653 0340 0431 0568 0505 0566 0429 0550 0484 0677 0490 L aaaaaaaaaaaaaaaaaaaaaaaa
0246 2063 0559 0375 0669 0582 0567 2063 0560 0653 0341 0432 0568 0505 0566 0429 0550 0484 0676 0490 L aaaaaaaaaaaaaaaaaaaaaaaa
0247 2063 0559 0375 0668 0581 0567 2064 0560 0653 0341 0432 0568 0505 0566 0429 0550 0484 0676 0490 L aaaaaaaaaaaaaaaaaaaaaaaa
0248 2063 0559 0376 0667 0581 0567 2064 0560 0653 0341 0432 0568 0505 0566 0429 0550 0484 0676 0490 L aaaaaaaaaaaaaaaaaaaaaaaa
0249 2063 0559 0376 0666 0580 0567 2064 0560 0652 0342 0432 0568 0505 0566 0429 0550 0484 0675 0490 L aaaaaaaaaaaaaaaaaaaaaaaa
0250 2063 0559 0377 0665 0580 0567 2064 0560 0652 0342 0432 0568 0505 0566 0429 0550 0484 0675 0489 L aaaaaaaaaaaaaaaaaaaaaaaa
0251 2063 0559 0377 0665 0580 0567 2064 0560 0652 0342 0432 0568 0505 0566 0429 0549 0484 0675 0489 L aaaaaaaaaaaaaaaaaaaaaaaa
0252 2063 0559 0377 0664 0580 0567 2064 0560 0652 0342 0432 0568 0505 0566 0429 0549 0484 0675 0489 L aaaaaaaaaaaaaaaaaaaaaaaa
0253 2063 0559 0377 0664 0579 0567 2064 0560 0652 0342 0432 0568 0505 0566 0429 0549 0484 0674 0489 L aaaaaaaaaaaaaaaaaaaaaaaa
0254 2063 0559 0378 0664 0579 0567 2064 0560 0652 0342 0432 0568 0505 0566 0429 0549 0484 0674 0489 L aaaaaaaaaaaaaaaaaaaaaaaa
0255 2063 0559 0378 0664 0579 0567 2064 0560 0652 0342 0432 0568 0505 0566 0429 0549 0484 0674 0489 L aaaaaaaaaaaaaaaaaaaaaaaa
0256 2063 0559 0378 0664 0579 0567 2064 0560 0652 0342 0432 0568 0505 0566 0429 0549 0484 0674 0489 L aaaaaaaaaaaaaaaaaaaaaaaa
0257 2063 0559 0378 0664 0579 0567 2064 0560 0652 0342 0432 0568 0505 0566 0429 0549 0484 0674 0489 B aaaaaaaaaaaaaaaaaaaaaaaa
0258 2063 0559 0378 0664 0579 0567 2064 0560 0652 0342 0432 0568 0505 0566 0429 0549 0484 0674 0489 B aaaaaaaaaaaaaaaaaaaaaaaa
0259 2063 0559 0378 0664 0579 0567 2064 0560 0652 0342 0432 0568 0505 0566 0429 0549 0484 0674 0489 B aaaaaaaaaaaaaaaaaaaaaaaa
0260 2063 0559 0377 0664 0579 0567 2064 0560 0652 0342 0432 0568 0505 0566 0429 0549 0484 0674 0489 B aaaaaaaaaaaaaaaaaaaaaaaa
0261 2063 0559 0377 0664 0579 0567 2064 0560 0652 0342 0432 0568 0505 0566 0429 0549 0484 0674 0489 B aaaaaaaaaaaaaaaaaaaaaaaa
0262 2063 0559 0377 0664 0579 0567 2064 0560 0652 0342 0432 0568 0505 0566 0429 0549 0484 0674 0489 B aaaaaaaaaaaaaaaaaaaaaaaa
0263 2063 0559 0377 0664 0579 0567 2064 0560 0652 0342 0432 0568 0505 0566 0429 0549 0484 0674 0489 B aaaaaaaaaaaaaaaaaaaaaaaa
0264 2063 0559 0377 0664 0580 0566 2064 0559 0652 0341 0432 0567 0505 0566 0428 0549 0484 0674 0489 B aaaaaaaaaaaaaaaaaaaaaaaa
0265 2063 0558 0377 0664 0580 0566 2064 0559 0653 0341 0432 0567 0505 0566 0428 0549 0484 0674 0489 B aaaaaaaaaaaaaaaaaaaaaaaa
0266 2063 0558 0377 0665 0580 0566 2064 0559 0653 0341 0432 0567 0504 0566 0428 0549 0483 0675 0489 B aaaaaaaaaaaaaaaaaaaaaaaa
0267 2063 0558 0377 0665 0580 0566 2064 0559 0653 0341 0432 0567 0504 0565 0428 0549 0483 0675 0489 B aaaaaaaaaaaaaaaaaaaaaaaa
0268 2063 0558 0377 0665 0580 0566 2064 0559 0653 0340 0431 0567 0504 0565 0428 0549 0483 0675 0489 B aaaaaaaaaaaaaaaaaaaaaaaa
0269 2063 0557 0377 0665 0580 0566 2064 0558 0653 0340 0431 0567 0504 0565 0428 0549 0483 0675 0489 B aaaaaaaaaaaaaaaaaaaaaaaa
0270 2063 0557 0377 0665 0580 0565 2064 0558 0653 0340 0431 0566 0504 0565 0427 0549 0483 0675 0489 B aaaaaaaaaaaaaaaaaaaaaaaa
0271 2063 0557 0377 0666 0580 0565 2064 0558 0653 0340 0431 0566 0504 0565 0427 0549 0482 0675 0489 B aaaaaaaaaaaaaaaaaaaaaaaa
0272 2063 0557 0377 0666 0580 0565 2064 0558 0654 0339 0431 0566 0504 0564 0427 0549 0482 0675 0489 B aaaaaaaaaaaaaaaaaaaaaaaa
0273 2063 0556 0376 0666 0581 0565 2064 0557 0654 0339 0431 0566 0504 0564 0426 0549 0482 0675 0489 B aaaaaaaaaaaaaaaaaaaaaaaa
0274 2063 0556 0376 0667 0581 0564 2064 0557 0654 0338 0431 0565 0504 0564 0426 0549 0481 0675 0489 B aaaaaaaaaaaaaaaaaaaaaaaa
0275 2063 0556 0376 0667 0581 0564 2064 0557 0654 0338 0430 0565 0503 0564 0426 0549 0481 0675 0489 B aaaaaaaaaaaaaaaaaaaaaaaa
0276 2063 0555 0376 0667 0581 0564 2064 0556 0654 0338 0430 0565 0503 0563 0425 0549 0481 0675 0489 B aaaaaaaaaaaaaaaaaaaaaaaa
0277 2063 0555 0376 0668 0581 0563 2064 0556 0655 0337 0430 0564 0503 0563 0425 0549 0480 0675 0489 B aaaaaaaaaaaaaaaaaaaaaaaa
0278 2063 0554 0376 0668 0582 0563 2064 0555 0655 0337 0430 0564 0503 0563 0425 0549 0480 0675 0489 B aaaaaaaaaaaaaaaaaaaaaaaa
0279 2063 0554 0376 0668 0582 0563 2064 0555 0655 0336 0430 0564 0503 0562 0424 0549 0479 0675 0489 B aaaaaaaaaaaaaaaaaaaaaaaa
0280 2063 0554 0375 0669 0582 0562 2064 0554 0655 0336 0430 0563 0503 0562 0424 0549 0479 0675 0488 B aaaaaaaaaaaaaaaaaaaaaaaa
0281 2063 0553 0375 0669 0582 0562 2064 0554 0656 0335 0429 0563 0502 0561 0423 0549 0479 0675 0488 B aaaaaaaaaaaaaaaaaaaaaaaa
0282 2063 0553 0375 0670 0582 0562 2064 0554 0656 0335 0429 0562 0502 0561 0423 0549 0478 0675 0488 B aaaaaaaaaaaaaaaaaaaaaaaa
0283 2063 0552 0375 0670 0583 0561 2064 0553 0656 0334 0429 0562 0502 0561 0423 0549 0478 0675 0488 B aaaaaaaaaaaaaaaaaaaaaaaa
0284 2063 0552 0375 0671 0583 0561 2064 0553 0657 0334 0429 0562 0502 0560 0422 0549 0477 0675 0488 B aaaaaaaaaaaaaaaaaaaaaaaa
0285 2063 0551 0375 0671 0583 0560 2064 0552 0657 0333 0428 0561 0502 0560 0422 0549 0477 0675 0488 B aaaaaaaaaaaaaaaaaaaaaaaa
0286 2063 0550 0374 0671 0583 0560 2064 0551 0657 0333 0428 0561 0501 0559 0421 0549 0476 0675 0488 B aaaaaaaaaaaaaaaaaaaaaaaa
0287 2063 0550 0374 0672 0584 0559 2064 0551 0657 0332 0428 0560 0501 0559 0420 0549 0476 0675 0488 B aaaaaaaaaaaaaaaaaaaaaaaa
0288 2063 0549 0374 0672 0584 0559 2064 0550 0658 0332 0428 0560 0501 0558 0420 0549 0475 0675 0488 B aaaaaaaaaaaaaaaaaaaaaaaa
0289 2063 0549 0374 0673 0584 0558 2064 0550 0658 0331 0428 0559 0501 0558 0419 0549 0475 0675 0488 B aaaaaaaaaaaaaaaaaaaaaaaa
0290 2063 0548 0374 0673 0584 0558 2064 0549 0658 0330 0427 0559 0500 0557 0419 0549 0474 0675 0487 B aaaaaaaaaaaaaaaaaaaaaaaa
0291 2063 0548 0373 0674 0585 0557 2064 0548 0659 0330 0427 0558 0500 0557 0418 0549 0473 0675 0487 B aaaaaaaaaaaaaaaaaaaaaaaa
0292 2063 0547 0373 0674 0585 0557 2064 0548 0659 0329 0427 0558 0500 0556 0417 0549 0473 0674 0487 B aaaaaaaaaaaaaaaaaaaaaaaa
0293 2063 0546 0373 0675 0585 0556 2064 0547 0659 0329 0427 0557 0500 0556 0417 0549 0472 0674 0487 B aaaaaaaaaaaaaaaaaaaaaaaa
0294 2063 0546 0373 0676 0586 0555 2064 0546 0660 0328 0426 0556 0499 0555 0416 0549 0471 0674 0487 B aaaaaaaaaaaaaaaaaaaaaaaa
0295 2063 0545 0373 0676 0586 0555 2064 0546 0660 0328 0426 0556 0499 0555 0415 0549 0471 0674 0487 B aaaaaaaaaaaaaaaaaaaaaaaa
0296 2063 0544 0372 0677 0586 0554 2064 0545 0660 0327 0426 0555 0499 0554 0415 0549 0470 0674 0487 B aaaaaaaaaaaaaaaaaaaaaaaa
0297 2063 0543 0372 0677 0586 0554 2064 0544 0661 0326 0426 0555 0498 0553 0414 0548 0469 0674 0487 B aaaaaaaaaaaaaaaaaaaaaaaa
0298 2063 0543 0372 0678 0587 0553 2064 0544 0661 0326 0425 0554 0498 0553 0413 0548 0469 0673 0487 B aaaaaaaaaaaaaaaaaaaaaaaa
0299 2063 0542 0372 0678 0587 0552 2064 0543 0661 0325 0425 0553 0498 0552 0412 0548 0468 0673 0486 B aaaaaaaaaaaaaaaaaaaaaaaa
0300 2063 0541 0371 0679 0587 0552 2064 0542 0662 0324 0425 0553 0497 0552 0412 0548 0467 0673 0486 B aaaaaaaaaaaaaaaaaaaaaaaa
0301 2063 0541 0371 0679 0588 0551 2063 0541 0662 0324 0425 0552 0497 0551 0411 0548 0467 0673 0486 B aaaaaaaaaaaaaaaaaaaaaaaa
0302 2063 0540 0371 0680 0588 0550 2063 0541 0662 0323 0424 0551 0497 0550 0410 0548 0466 0672 0486 B aaaaaaaaaaaaaaaaaaaaaaaa
0303 2063 0539 0371 0681 0588 0550 2063 0540 0663 0323 0424 0550 0496 0550 0409 0548 0465 0672 0486 B aaaaaaaaaaaaaaaaaaaaaaaa
0304 2063 0538 0371 0681 0589 0549 2063 0539 0663 0322 0424 0550 0496 0549 0408 0547 0464 0672 0486 B aaaaaaaaaaaaaaaaaaaaaaaa
0305 2062 0537 0370 0682 0589 0548 2063 0538 0663 0322 0424 0549 0496 0548 0407 0547 0463 0671 0485 B aaaaaaaaaaaaaaaaaaaaaaaa
0306 2062 0537 0370 0682 0589 0547 2063 0537 0663 0321 0424 0548 0495 0547 0406 0547 0463 0671 0485 B aaaaaaaaaaaaaaaaaaaaaaaa
0307 2062 0536 0370 0683 0590 0546 2063 0537 0664 0320 0423 0547 0495 0547 0406 0547 0462 0670 0485 B aaaaaaaaaaaaaaaaaaaaaaaa
0308 2062 0535 0370 0684 0590 0546 2063 0536 0664 0320 0423 0546 0494 0546 0405 0547 0461 0670 0485 B aaaaaaaaaaaaaaaaaaaaaaaa
0309 2062 0534 0369 0684 0590 0545 2063 0535 0664 0319 0423 0546 0494 0545 0404 0546 0460 0669 0485 B aaaaaaaaaaaaaaaaaaaaaaaa
0310 2062 0533 0369 0685 0591 0544 2063 0534 0665 0319 0423 0545 0494 0544 0403 0546 0459 0668 0485 B aaaaaaaaaaaaaaaaaaaaaaaa
0311 2062 0532 0369 0685 0591 0543 2062 0533 0665 0318 0423 0544 0493 0544 0402 0546 0459 0668 0484 B aaaaaaaaaaaaaaaaaaaaaaaa
0312 2062 0532 0369 0686 0591 0542 2062 0532 0665 0318 0422 0543 0493 0543 0401 0546 0458 0667 0484 B aaaaaaaaaaaaaaaaaaaaaaaa
0313 2062 0531 0368 0686 0592 0541 2062 0531 0666 0317 0422 0542 0493 0542 0400 0545 0457 0666 0484 B aaaaaaaaaaaaaaaaaaaaaaaa
0314 2062 0530 0368 0687 0592 0541 2062 0530 0666 0317 0422 0541 0492 0541 0399 0545 0456 0665 0484 B aaaaaaaaaaaaaaaaaaaaaaaa
0315 2061 0529 0368 0688 0592 0540 2062 0529 0666 0316 0422 0540 0492 0540 0398 0545 0455 0665 0484 B aaaaaaaaaaaaaaaaaaaaaaaa
0316 2061 0528 0368 0688 0592 0539 2062 0529 0666 0316 0422 0539 0491 0540 0397 0544 0454 0664 0484 B aaaaaaaaaaaaaaaaaaaaaaaa
0317 2061 0527 0368 0689 0593 0538 2062 0528 0667 0315 0421 0539 0491 0539 0396 0544 0453 0663 0483 B aaaaaaaaaaaaaaaaaaaaaaaa
0318 2061 0526 0367 0689 0593 0537 2062 0527 0667 0315 0421 0538 0491 0538 0395 0543 0453 0662 0483 B aaaaaaaaaaaaaaaaaaaaaaaa
0319 2061 0525 0367 0690 0593 0536 2062 0526 0667 0315 0421 0537 0490 0537 0394 0543 0452 0661 0483 B aaaaaaaaaaaaaaaaaaaaaaaa
0320 2061 0525 0367 0690 0594 0535 2061 0525 0667 0314 0421 0536 0490 0536 0394 0543 0451 0660 0483 B aaaaaaaaaaaaaaaaaaaaaaaa
0321 2061 0524 0367 0691 0594 0534 2061 0524 0667 0314 0421 0535 0490 0535 0393 0542 0450 0659 0483 B aaaaaaaaaaaaaaaaaaaaaaaa
0322 2061 0523 0367 0691 0594 0534 2061 0523 0668 0314 0421 0534 0489 0534 0392 0542 0449 0658 0482 B aaaaaaaaaaaaaaaaaaaaaaaa
0323 2061 0522 0367 0692 0594 0533 2061 0522 0668 0313 0421 0533 0489 0534 0391 0541 0448 0657 0482 B aaaaaaaaaaaaaaaaaaaaaaaa
0324 2061 0521 0366 0692 0595 0532 2061 0521 0668 0313 0421 0532 0489 0533 0390 0541 0448 0656 0482 B aaaaaaaaaaaaaaaaaaaaaaaa
0325 2061 0520 0366 0692 0595 0531 2061 0521 0668 0313 0421 0531 0489 0532 0390 0540 0447 0655 0482 B aaaaaaaaaaaaaaaaaaaaaaaa
0326 2060 0519 0366 0693 0595 0530 2061 0520 0668 0312 0421 0530 0488 0531 0389 0540 0446 0653 0482 B aaaaaaaaaaaaaaaaaaaaaaaa
0327 2060 0519 0366 0693 0595 0529 2061 0519 0669 0312 0420 0529 0488 0530 0388 0539 0445 0652 0481 B aaaaaaaaaaaaaaaaaaaaaaaa
0328 2060 0518 0366 0694 0596 0528 2061 0518 0669 0312 0420 0529 0488 0529 0388 0539 0444 0651 0481 B aaaaaaaaaaaaaaaaaaaaaaaa
0329 2060 0517 0366 0694 0596 0527 2060 0517 0669 0312 0420 0528 0488 0529 0387 0538 0444 0650 0481 B aaaaaaaaaaaaaaaaaaaaaaaa
0330 2060 0516 0366 0694 0596 0527 2060 0516 0669 0311 0420 0527 0487 0528 0386 0538 0443 0649 0481 B aaaaaaaaaaaaaaaaaaaaaaaa
0331 2060 0515 0366 0694 0596 0526 2060 0515 0669 0311 0420 0526 0487 0527 0386 0537 0442 0647 0481 B aaaaaaaaaaaaaaaaaaaaaaaa
0332 2060 0514 0365 0695 0596 0525 2060 0515 0669 0311 0420 0525 0487 0526 0385 0537 0441 0646 0480 B aaaaaaaaaaaaaaaaaaaaaaaa
0333 2060 0514 0365 0695 0596 0524 2060 0514 0669 0311 0420 0524 0487 0525 0385 0536 0441 0645 0480 B aaaaaaaaaaaaaaaaaaaaaaaa
0334 2060 0513 0365 0695 0596 0523 2060 0513 0670 0311 0420 0524 0487 0525 0385 0536 0440 0644 0480 B aaaaaaaaaaaaaaaaaaaaaaaa
0335 2060 0512 0365 0695 0597 0523 2060 0512 0670 0311 0420 0523 0487 0524 0384 0535 0439 0643 0480 B aaaaaaaaaaaaaaaaaaaaaaaa
0336 2060 0511 0365 0695 0597 0522 2060 0512 0670 0311 0420 0522 0486 0523 0384 0535 0439 0642 0480 B aaaaaaaaaaaaaaaaaaaaaaaa
0337 2060 0511 0365 0696 0597 0521 2060 0511 0670 0310 0420 0521 0486 0523 0384 0534 0438 0641 0479 B aaaaaaaaaaaaaaaaaaaaaaaa
0338 2060 0510 0365 0696 0597 0521 2060 0510 0670 0310 0420 0521 0486 0522 0383 0534 0438 0640 0479 B aaaaaaaaaaaaaaaaaaaaaaaa
0339 2060 0509 0365 0696 0597 0520 2060 0509 0670 0310 0420 0520 0486 0521 0383 0533 0437 0638 0479 B aaaaaaaaaaaaaaaaaaaaaaaa
0340 2060 0509 0365 0696 0597 0519 2060 0509 0670 0310 0420 0519 0486 0520 0383 0533 0436 0637 0479 B aaaaaaaaaaaaaaaaaaaaaaaa
0341 2060 0508 0365 0696 0597 0518 2060 0508 0670 0310 0420 0518 0486 0520 0383 0532 0436 0636 0479 B aaaaaaaaaaaaaaaaaaaaaaaa
0342 2060 0507 0365 0696 0597 0518 2060 0507 0670 0310 0420 0518 0486 0519 0382 0532 0435 0635 0479 B aaaaaaaaaaaaaaaaaaaaaaaa
0343 2060 0507 0365 0696 0597 0517 2060 0506 0670 0310 0420 0517 0486 0519 0382 0531 0435 0634 0478 B aaaaaaaaaaaaaaaaaaaaaaaa
0344 2060 0506 0365 0696 0597 0517 2060 0506 0670 0310 0420 0516 0486 0518 0382 0531 0434 0633 0478 B aaaaaaaaaaaaaaaaaaaaaaaa
0345 2060 0505 0365 0696 0597 0516 2060 0505 0671 0310 0420 0516 0486 0517 0382 0530 0434 0632 0478 B aaaaaaaaaaaaaaaaaaaaaaaa
0346 2060 0505 0365 0696 0597 0515 2060 0505 0671 0310 0420 0515 0486 0517 0382 0530 0433 0632 0478 B aaaaaaaaaaaaaaaaaaaaaaaa
0347 2060 0504 0365 0696 0598 0515 2060 0504 0671 0310 0421 0515 0486 0516 0382 0530 0433 0631 0478 B aaaaaaaaaaaaaaaaaaaaaaaa
0348 2060 0503 0365 0696 0598 0514 2060 0503 0671 0310 0421 0514 0486 0516 0382 0529 0432 0630 0478 B aaaaaaaaaaaaaaaaaaaaaaaa
0349 2060 0503 0365 0696 0598 0514 2060 0503 0671 0310 0421 0513 0486 0515 0382 0529 0432 0629 0478 B aaaaaaaaaaaaaaaaaaaaaaaa
0350 2060 0502 0365 0696 0598 0513 2060 0502 0671 0310 0421 0513 0486 0514 0382 0528 0431 0628 0477 B aaaaaaaaaaaaaaaaaaaaaaaa
0351 2060 0502 0365 0696 0598 0513 2060 0501 0671 0310 0421 0512 0486 0514 0382 0528 0431 0627 0477 B aaaaaaaaaaaaaaaaaaaaaaaa
0352 2060 0501 0365 0696 0598 0512 2060 0501 0671 0310 0421 0512 0486 0513 0382 0528 0430 0626 0477 B aaaaaaaaaaaaaaaaaaaaaaaa
0353 2060 0501 0365 0696 0598 0512 2060 0500 0671 0310 0421 0511 0486 0513 0382 0527 0430 0626 0477 B aaaaaaaaaaaaaaaaaaaaaaaa
0354 2060 0500 0365 0696 0598 0511 2060 0500 0671 0310 0421 0511 0486 0512 0382 0527 0429 0625 0477 B aaaaaaaaaaaaaaaaaaaaaaaa
0355 2060 0500 0365 0696 0598 0511 2060 0499 0671 0310 0421 0510 0486 0512 0382 0527 0429 0624 0477 B aaaaaaaaaaaaaaaaaaaaaaaa
0356 2060 0499 0365 0696 0598 0510 2060 0499 0671 0310 0421 0510 0486 0512 0382 0526 0429 0624 0477 B aaaaaaaaaaaaaaaaaaaaaaaa
0357 2060 0499 0365 0696 0598 0510 2060 0498 0671 0310 0421 0509 0486 0511 0382 0526 0428 0623 0476 B aaaaaaaaaaaaaaaaaaaaaaaa
0358 2060 0498 0365 0696 0598 0509 2060 0498 0671 0310 0421 0509 0486 0511 0382 0526 0428 0622 0476 B aaaaaaaaaaaaaaaaaaaaaaaa
0359 2060 0498 0366 0696 0598 0509 2060 0497 0671 0310 0421 0509 0486 0510 0382 0525 0428 0622 0476 B aaaaaaaaaaaaaaaaaaaaaaaa
0360 2060 0497 0366 0696 0598 0509 2060 0497 0671 0310 0421 0508 0486 0510 0382 0525 0427 0621 0476 B aaaaaaaaaaaaaaaaaaaaaaaa
0361 2060 0497 0366 0696 0598 0508 2060 0497 0671 0310 0421 0508 0486 0510 0382 0525 0427 0621 0476 B aaaaaaaaaaaaaaaaaaaaaaaa
0362 2060 0496 0366 0696 0598 0508 2060 0496 0671 0310 0421 0508 0486 0509 0382 0525 0427 0620 0476 B aaaaaaaaaaaaaaaaaaaaaaaa
0363 2060 0496 0366 0696 0598 0507 2060 0496 0671 0310 0421 0507 0486 0509 0382 0524 0426 0620 0476 B aaaaaaaaaaaaaaaaaaaaaaaa
0364 2061 0496 0366 0696 0598 0507 2060 0495 0671 0310 0421 0507 0486 0509 0382 0524 0426 0619 0476 B aaaaaaaaaaaaaaaaaaaaaaaa
0365 2061 0495 0366 0696 0598 0507 2060 0495 0671 0310 0421 0507 0486 0508 0382 0524 0426 0619 0476 B aaaaaaaaaaaaaaaaaaaaaaaa
0366 2061 0495 0366 0696 0598 0507 2060 0495 0672 0310 0421 0506 0486 0508 0382 0524 0425 0618 0476 B aaaaaaaaaaaaaaaaaaaaaaaa
0367 2061 0495 0366 0696 0598 0506 2060 0494 0672 0310 0421 0506 0486 0508 0382 0523 0425 0618 0475 B aaaaaaaaaaaaaaaaaaaaaaaa
0368 2061 0494 0366 0696 0598 0506 2060 0494 0672 0310 0421 0506 0486 0507 0382 0523 0425 0617 0475 B aaaaaaaaaaaaaaaaaaaaaaaa
0369 2061 0494 0366 0696 0598 0506 2060 0494 0672 0310 0421 0505 0487 0507 0382 0523 0425 0617 0475 B aaaaaaaaaaaaaaaaaaaaaaaa
0370 2061 0494 0366 0696 0598 0506 2060 0493 0672 0310 0421 0505 0487 0507 0383 0523 0425 0617 0475 B aaaaaaaaaaaaaaaaaaaaaaaa
0371 2061 0494 0366 0695 0598 0505 2060 0493 0672 0310 0421 0505 0487 0507 0383 0523 0424 0616 0475 B aaaaaaaaaaaaaaaaaaaaaaaa
0372 2061 0493 0366 0695 0598 0505 2061 0493 0672 0310 0421 0505 0487 0507 0383 0523 0424 0616 0475 B aaaaaaaaaaaaaaaaaaaaaaaa
0373 2061 0493 0366 0695 0598 0505 2061 0493 0672 0310 0421 0505 0487 0506 0383 0522 0424 0616 0475 B aaaaaaaaaaaaaaaaaaaaaaaa
0374 2061 0493 0366 0695 0598 0505 2061 0493 0672 0310 0421 0504 0487 0506 0383 0522 0424 0616 0475 B aaaaaaaaaaaaaaaaaaaaaaaa
0375 2061 0493 0366 0695 0598 0505 2061 0492 0672 0310 0421 0504 0487 0506 0383 0522 0424 0615 0475 B aaaaaaaaaaaaaaaaaaaaaaaa
0376 2061 0493 0366 0695 0598 0505 2061 0492 0672 0310 0421 0504 0487 0506 0383 0522 0424 0615 0475 B aaaaaaaaaaaaaaaaaaaaaaaa
0377 2061 0493 0366 0695 0598 0504 2061 0492 0672 0310 0422 0504 0487 0506 0383 0522 0424 0615 0475 B aaaaaaaaaaaaaaaaaaaaaaaa
0378 2061 0492 0366 0695 0598 0504 2061 0492 0672 0310 0422 0504 0487 0506 0383 0522 0424 0615 0475 B aaaaaaaaaaaaaaaaaaaaaaaa
0379 2061 0492 0366 0695 0598 0504 2061 0492 0672 0310 0422 0504 0487 0506 0383 0522 0423 0615 0475 B aaaaaaaaaaaaaaaaaaaaaaaa
0380 2061 0492 0366 0695 0598 0504 2061 0492 0672 0310 0422 0504 0487 0506 0383 0522 0423 0615 0475 B aaaaaaaaaaaaaaaaaaaaaaaa
0381 2061 0492 0366 0695 0598 0504 2061 0492 0672 0310 0422 0504 0487 0506 0383 0522 0423 0615 0475 B aaaaaaaaaaaaaaaaaaaaaaaa
0382 2061 0492 0366 0695 0598 0504 2061 0492 0672 0310 0422 0504 0487 0506 0383 0522 0423 0614 0475 B aaaaaaaaaaaaaaaaaaaaaaaa
0383 2061 0492 0366 0695 0598 0504 2061 0492 0672 0310 0422 0504 0487 0505 0383 0522 0423 0614 0475 B aaaaaaaaaaaaaaaaaaaaaaaa
0384 2061 0492 0366 0695 0598 0504 2061 0492 0672 0310 0422 0504 0487 0505 0383 0522 0423 0614 0475 B aaaaaaaaaaaaaaaaaaaaaaaa
