0224->prawa_calaaaaaaaaaaaaaaaaaaaaaaaaaaaaaaaaaaaaaaaaaaaaaa0001 1989 0464 0358 0679 0576 0455 1989 0465 0673 0431 0541 0456 0487 0538 0345 0519 0455 0607 0472 B aaaaaaaaaaaaaaaaaaaaaaaa
0002 1986 0464 0359 0677 0575 0456 1987 0465 0672 0433 0542 0456 0488 0537 0346 0519 0455 0607 0472 B aaaaaaaaaaaaaaaaaaaaaaaa
0003 1988 0464 0359 0678 0576 0456 1988 0464 0672 0433 0542 0456 0488 0537 0346 0519 0455 0608 0472 B aaaaaaaaaaaaaaaaaaaaaaaa
0004 1988 0464 0359 0678 0576 0456 1988 0465 0672 0433 0542 0456 0488 0537 0346 0519 0455 0608 0472 B aaaaaaaaaaaaaaaaaaaaaaaa
0005 1988 0464 0359 0678 0576 0456 1989 0465 0672 0432 0541 0457 0488 0538 0346 0519 0455 0608 0472 B aaaaaaaaaaaaaaaaaaaaaaaa
0006 1989 0464 0359 0678 0576 0456 1990 0465 0672 0432 0541 0457 0488 0538 0346 0519 0455 0608 0472 B aaaaaaaaaaaaaaaaaaaaaaaa
0007 1990 0464 0359 0679 0577 0456 1990 0465 0672 0431 0541 0457 0488 0538 0346 0519 0455 0608 0472 B aaaaaaaaaaaaaaaaaaaaaaaa
0008 1990 0465 0359 0679 0577 0457 1991 0465 0673 0430 0540 0457 0488 0538 0346 0519 0455 0608 0471 B aaaaaaaaaaaaaaaaaaaaaaaa
0009 1991 0465 0359 0680 0578 0457 1992 0466 0673 0429 0540 0457 0487 0538 0346 0519 0455 0608 0471 B aaaaaaaaaaaaaaaaaaaaaaaa
0010 1992 0465 0359 0680 0578 0457 1993 0466 0673 0428 0539 0458 0487 0538 0346 0519 0455 0608 0471 B aaaaaaaaaaaaaaaaaaaaaaaa
0011 1993 0466 0359 0681 0579 0457 1994 0466 0674 0427 0538 0458 0487 0538 0346 0519 0456 0608 0471 B aaaaaaaaaaaaaaaaaaaaaaaa
0012 1994 0466 0359 0681 0579 0458 1995 0467 0674 0426 0538 0458 0487 0538 0346 0519 0456 0609 0471 B aaaaaaaaaaaaaaaaaaaaaaaa
0013 1995 0466 0359 0682 0580 0458 1996 0467 0675 0425 0537 0459 0487 0539 0346 0519 0456 0609 0471 B aaaaaaaaaaaaaaaaaaaaaaaa
0014 1996 0467 0359 0683 0580 0458 1997 0467 0675 0424 0536 0459 0487 0539 0346 0519 0456 0609 0471 B aaaaaaaaaaaaaaaaaaaaaaaa
0015 1998 0467 0359 0683 0581 0459 1998 0468 0675 0422 0535 0460 0487 0539 0346 0519 0456 0609 0471 B aaaaaaaaaaaaaaaaaaaaaaaa
0016 1999 0467 0359 0684 0582 0459 1999 0468 0676 0421 0534 0460 0487 0539 0346 0519 0456 0609 0470 B aaaaaaaaaaaaaaaaaaaaaaaa
0017 2000 0468 0359 0685 0582 0460 2001 0469 0676 0419 0533 0461 0486 0539 0346 0519 0456 0609 0470 B aaaaaaaaaaaaaaaaaaaaaaaa
0018 2001 0468 0359 0686 0583 0460 2002 0469 0677 0418 0532 0461 0486 0540 0346 0520 0457 0609 0470 B aaaaaaaaaaaaaaaaaaaaaaaa
0019 2002 0469 0359 0686 0584 0461 2003 0470 0678 0416 0531 0462 0486 0540 0346 0520 0457 0610 0470 B aaaaaaaaaaaaaaaaaaaaaaaa
0020 2004 0469 0359 0687 0585 0461 2004 0470 0678 0414 0530 0462 0486 0540 0346 0520 0457 0610 0470 B aaaaaaaaaaaaaaaaaaaaaaaa
0021 2005 0470 0359 0688 0586 0462 2006 0471 0679 0413 0529 0463 0486 0540 0346 0520 0457 0610 0470 B aaaaaaaaaaaaaaaaaaaaaaaa
0022 2006 0471 0359 0689 0587 0463 2007 0471 0679 0411 0528 0463 0486 0541 0346 0520 0457 0611 0470 B aaaaaaaaaaaaaaaaaaaaaaaa
0023 2008 0471 0360 0690 0587 0463 2008 0472 0680 0409 0527 0464 0486 0541 0347 0520 0458 0611 0470 B aaaaaaaaaaaaaaaaaaaaaaaa
0024 2009 0472 0360 0691 0588 0464 2009 0473 0680 0407 0526 0465 0485 0541 0347 0520 0458 0611 0470 B aaaaaaaaaaaaaaaaaaaaaaaa
0025 2010 0473 0360 0692 0589 0465 2011 0473 0681 0405 0524 0465 0485 0541 0347 0520 0458 0612 0470 B aaaaaaaaaaaaaaaaaaaaaaaa
0026 2011 0473 0360 0692 0590 0465 2012 0474 0682 0403 0523 0466 0485 0542 0347 0520 0458 0612 0470 B aaaaaaaaaaaaaaaaaaaaaaaa
0027 2013 0474 0360 0693 0591 0466 2013 0475 0682 0401 0521 0467 0485 0542 0347 0521 0459 0612 0470 B aaaaaaaaaaaaaaaaaaaaaaaa
0028 2014 0475 0360 0694 0592 0467 2015 0475 0683 0399 0520 0468 0485 0542 0347 0521 0459 0613 0470 B aaaaaaaaaaaaaaaaaaaaaaaa
0029 2015 0475 0361 0695 0593 0468 2016 0476 0683 0397 0519 0468 0485 0543 0347 0521 0459 0613 0470 B aaaaaaaaaaaaaaaaaaaaaaaa
0030 2016 0476 0361 0696 0594 0469 2017 0477 0684 0395 0517 0469 0484 0543 0348 0521 0459 0614 0470 B aaaaaaaaaaaaaaaaaaaaaaaa
0031 2018 0477 0361 0697 0595 0469 2018 0477 0684 0393 0516 0470 0484 0543 0348 0522 0460 0614 0470 B aaaaaaaaaaaaaaaaaaaaaaaa
0032 2019 0478 0361 0698 0596 0470 2019 0478 0685 0390 0514 0471 0484 0544 0348 0522 0460 0615 0470 B aaaaaaaaaaaaaaaaaaaaaaaa
0033 2020 0479 0362 0698 0597 0471 2020 0479 0686 0388 0513 0472 0484 0544 0348 0522 0460 0616 0470 B aaaaaaaaaaaaaaaaaaaaaaaa
0034 2021 0479 0362 0699 0599 0472 2022 0480 0686 0386 0511 0473 0484 0544 0349 0522 0460 0616 0470 B aaaaaaaaaaaaaaaaaaaaaaaa
0035 2022 0480 0362 0700 0600 0473 2023 0481 0687 0384 0509 0474 0484 0545 0349 0523 0461 0617 0470 B aaaaaaaaaaaaaaaaaaaaaaaa
0036 2023 0481 0363 0701 0601 0474 2024 0482 0687 0382 0508 0475 0483 0545 0350 0523 0461 0618 0470 B aaaaaaaaaaaaaaaaaaaaaaaa
0037 2024 0482 0363 0702 0602 0475 2025 0483 0687 0379 0506 0476 0483 0545 0350 0523 0461 0618 0470 B aaaaaaaaaaaaaaaaaaaaaaaa
0038 2025 0483 0364 0702 0603 0476 2026 0483 0688 0377 0504 0477 0483 0546 0350 0524 0462 0619 0470 B aaaaaaaaaaaaaaaaaaaaaaaa
0039 2026 0484 0364 0703 0604 0477 2027 0484 0688 0375 0503 0478 0483 0546 0351 0524 0462 0620 0471 B aaaaaaaaaaaaaaaaaaaaaaaa
0040 2027 0485 0365 0704 0605 0478 2028 0485 0689 0373 0501 0479 0483 0546 0351 0525 0462 0621 0471 B aaaaaaaaaaaaaaaaaaaaaaaa
0041 2028 0486 0365 0704 0606 0480 2029 0486 0689 0371 0499 0480 0483 0547 0352 0525 0462 0621 0471 B aaaaaaaaaaaaaaaaaaaaaaaa
0042 2029 0487 0366 0705 0607 0481 2030 0487 0689 0369 0497 0481 0483 0547 0353 0526 0463 0622 0471 B aaaaaaaaaaaaaaaaaaaaaaaa
0043 2030 0488 0367 0705 0609 0482 2031 0488 0690 0366 0496 0482 0483 0547 0353 0526 0463 0623 0471 B aaaaaaaaaaaaaaaaaaaaaaaa
0044 2031 0489 0367 0706 0610 0483 2032 0489 0690 0364 0494 0483 0483 0548 0354 0527 0463 0624 0471 B aaaaaaaaaaaaaaaaaaaaaaaa
0045 2032 0490 0368 0706 0611 0484 2032 0490 0690 0362 0492 0485 0483 0548 0355 0527 0464 0625 0472 B aaaaaaaaaaaaaaaaaaaaaaaa
0046 2033 0491 0369 0707 0612 0486 2033 0491 0690 0360 0490 0486 0483 0548 0355 0528 0464 0626 0472 B aaaaaaaaaaaaaaaaaaaaaaaa
0047 2034 0492 0370 0707 0613 0487 2034 0492 0690 0358 0488 0487 0483 0549 0356 0528 0464 0627 0472 B aaaaaaaaaaaaaaaaaaaaaaaa
0048 2035 0493 0371 0707 0614 0488 2035 0493 0691 0356 0486 0489 0483 0549 0357 0529 0465 0628 0472 B aaaaaaaaaaaaaaaaaaaaaaaa
0049 2036 0494 0371 0707 0615 0490 2036 0495 0691 0354 0484 0490 0483 0549 0358 0529 0465 0629 0473 B aaaaaaaaaaaaaaaaaaaaaaaa
0050 2036 0496 0372 0708 0616 0491 2037 0496 0691 0352 0483 0491 0483 0550 0359 0530 0465 0630 0473 B aaaaaaaaaaaaaaaaaaaaaaaa
0051 2037 0497 0373 0708 0617 0493 2037 0497 0691 0350 0481 0493 0483 0550 0360 0530 0466 0631 0473 B aaaaaaaaaaaaaaaaaaaaaaaa
0052 2038 0498 0375 0708 0618 0494 2038 0498 0691 0348 0479 0494 0483 0550 0361 0531 0466 0632 0474 B aaaaaaaaaaaaaaaaaaaaaaaa
0053 2039 0499 0376 0708 0619 0495 2039 0499 0690 0346 0477 0496 0483 0551 0362 0532 0466 0633 0474 B aaaaaaaaaaaaaaaaaaaaaaaa
0054 2039 0500 0377 0708 0620 0497 2039 0500 0690 0345 0475 0497 0483 0551 0363 0532 0467 0634 0474 B aaaaaaaaaaaaaaaaaaaaaaaa
0055 2040 0502 0378 0707 0621 0498 2040 0502 0690 0343 0473 0499 0483 0551 0365 0533 0467 0635 0474 B aaaaaaaaaaaaaaaaaaaaaaaa
0056 2041 0503 0379 0707 0622 0500 2041 0503 0690 0341 0471 0500 0483 0552 0366 0534 0467 0636 0475 B aaaaaaaaaaaaaaaaaaaaaaaa
0057 2041 0504 0381 0707 0623 0502 2041 0504 0690 0340 0469 0502 0483 0552 0367 0534 0468 0637 0475 B aaaaaaaaaaaaaaaaaaaaaaaa
0058 2042 0505 0382 0706 0624 0503 2042 0505 0689 0338 0467 0503 0483 0553 0369 0535 0468 0638 0475 B aaaaaaaaaaaaaaaaaaaaaaaa
0059 2043 0507 0383 0706 0625 0505 2043 0507 0689 0337 0465 0505 0484 0553 0370 0536 0468 0639 0476 B aaaaaaaaaaaaaaaaaaaaaaaa
0060 2043 0508 0385 0705 0626 0506 2043 0508 0688 0335 0464 0506 0484 0553 0371 0536 0469 0640 0476 B aaaaaaaaaaaaaaaaaaaaaaaa
0061 2044 0509 0386 0705 0627 0508 2044 0509 0688 0334 0462 0508 0484 0554 0373 0537 0469 0642 0477 B aaaaaaaaaaaaaaaaaaaaaaaa
0062 2044 0511 0388 0704 0628 0510 2044 0511 0687 0333 0460 0510 0484 0554 0374 0538 0469 0643 0477 B aaaaaaaaaaaaaaaaaaaaaaaa
0063 2045 0512 0389 0703 0628 0511 2045 0512 0686 0332 0458 0511 0484 0554 0376 0538 0470 0644 0477 B aaaaaaaaaaaaaaaaaaaaaaaa
0064 2045 0513 0391 0702 0629 0513 2045 0513 0686 0330 0456 0513 0485 0555 0378 0539 0470 0645 0478 B aaaaaaaaaaaaaaaaaaaaaaaa
0065 2046 0515 0393 0701 0630 0514 2046 0515 0685 0330 0455 0514 0485 0555 0379 0540 0470 0645 0478 B aaaaaaaaaaaaaaaaaaaaaaaa
0066 2046 0516 0394 0700 0630 0516 2046 0516 0684 0329 0453 0516 0485 0555 0381 0540 0471 0646 0478 B aaaaaaaaaaaaaaaaaaaaaaaa
0067 2046 0517 0396 0699 0631 0518 2046 0517 0683 0328 0452 0518 0486 0555 0383 0541 0471 0647 0479 B aaaaaaaaaaaaaaaaaaaaaaaa
0068 2047 0519 0398 0698 0631 0519 2047 0519 0683 0327 0450 0519 0486 0556 0384 0542 0472 0648 0479 B aaaaaaaaaaaaaaaaaaaaaaaa
0069 2047 0520 0399 0697 0632 0521 2047 0520 0682 0327 0448 0521 0486 0556 0386 0542 0472 0649 0479 B aaaaaaaaaaaaaaaaaaaaaaaa
0070 2047 0521 0401 0695 0632 0523 2047 0521 0681 0326 0447 0523 0487 0556 0388 0543 0472 0650 0480 B aaaaaaaaaaaaaaaaaaaaaaaa
0071 2048 0523 0403 0694 0632 0524 2048 0523 0680 0326 0445 0524 0487 0557 0389 0544 0473 0650 0480 B aaaaaaaaaaaaaaaaaaaaaaaa
0072 2048 0524 0405 0692 0633 0526 2048 0524 0679 0325 0444 0526 0488 0557 0391 0544 0473 0651 0480 B aaaaaaaaaaaaaaaaaaaaaaaa
0073 2048 0525 0406 0691 0633 0527 2048 0525 0678 0325 0443 0527 0488 0557 0393 0545 0473 0652 0481 B aaaaaaaaaaaaaaaaaaaaaaaa
0074 2048 0526 0408 0689 0633 0529 2048 0527 0677 0325 0441 0529 0488 0558 0394 0546 0474 0652 0481 B aaaaaaaaaaaaaaaaaaaaaaaa
0075 2048 0528 0410 0688 0633 0530 2048 0528 0675 0325 0440 0530 0489 0558 0396 0546 0474 0653 0481 B aaaaaaaaaaaaaaaaaaaaaaaa
0076 2049 0529 0412 0686 0634 0532 2049 0529 0674 0325 0439 0532 0489 0558 0397 0547 0475 0654 0481 B aaaaaaaaaaaaaaaaaaaaaaaa
0077 2049 0530 0413 0684 0634 0533 2049 0530 0673 0325 0438 0533 0490 0558 0399 0547 0475 0654 0482 B aaaaaaaaaaaaaaaaaaaaaaaa
0078 2049 0531 0415 0683 0634 0534 2049 0532 0672 0325 0437 0535 0490 0559 0400 0548 0475 0654 0482 B aaaaaaaaaaaaaaaaaaaaaaaa
0079 2049 0533 0417 0681 0634 0536 2049 0533 0671 0325 0436 0536 0490 0559 0402 0548 0476 0655 0482 B aaaaaaaaaaaaaaaaaaaaaaaa
0080 2049 0534 0418 0679 0634 0537 2049 0534 0670 0325 0435 0537 0491 0559 0403 0549 0476 0655 0482 B aaaaaaaaaaaaaaaaaaaaaaaa
0081 2049 0535 0420 0677 0634 0538 2049 0535 0669 0325 0434 0539 0491 0559 0405 0549 0476 0655 0483 B aaaaaaaaaaaaaaaaaaaaaaaa
0082 2049 0536 0422 0676 0634 0540 2049 0536 0667 0326 0433 0540 0492 0560 0406 0550 0477 0656 0483 B aaaaaaaaaaaaaaaaaaaaaaaa
0083 2049 0537 0423 0674 0633 0541 2049 0538 0666 0326 0432 0541 0492 0560 0407 0550 0477 0656 0483 B aaaaaaaaaaaaaaaaaaaaaaaa
0084 2049 0538 0425 0672 0633 0542 2049 0539 0665 0327 0431 0542 0492 0560 0408 0551 0477 0656 0483 B aaaaaaaaaaaaaaaaaaaaaaaa
0085 2049 0540 0427 0670 0633 0543 2049 0540 0664 0327 0430 0544 0493 0561 0410 0551 0478 0656 0484 B aaaaaaaaaaaaaaaaaaaaaaaa
0086 2049 0541 0428 0668 0633 0544 2049 0541 0663 0328 0430 0545 0493 0561 0411 0551 0478 0657 0484 B aaaaaaaaaaaaaaaaaaaaaaaa
0087 2048 0542 0430 0666 0633 0546 2049 0542 0661 0328 0429 0546 0493 0561 0412 0552 0478 0657 0484 B aaaaaaaaaaaaaaaaaaaaaaaa
0088 2048 0543 0431 0664 0632 0547 2049 0543 0660 0329 0428 0547 0494 0561 0413 0552 0479 0657 0484 B aaaaaaaaaaaaaaaaaaaaaaaa
0089 2048 0544 0433 0662 0632 0548 2049 0544 0659 0329 0428 0548 0494 0562 0414 0553 0479 0657 0484 B aaaaaaaaaaaaaaaaaaaaaaaa
0090 2048 0545 0435 0661 0632 0549 2048 0545 0658 0330 0427 0549 0494 0562 0415 0553 0479 0657 0484 B aaaaaaaaaaaaaaaaaaaaaaaa
0091 2048 0546 0436 0659 0631 0550 2048 0546 0657 0331 0427 0550 0494 0562 0416 0553 0480 0657 0485 B aaaaaaaaaaaaaaaaaaaaaaaa
0092 2048 0547 0438 0657 0631 0551 2048 0547 0656 0331 0426 0551 0495 0562 0417 0554 0480 0657 0485 B aaaaaaaaaaaaaaaaaaaaaaaa
0093 2047 0548 0439 0655 0631 0552 2048 0548 0654 0332 0426 0552 0495 0562 0418 0554 0480 0657 0485 B aaaaaaaaaaaaaaaaaaaaaaaa
0094 2047 0549 0441 0653 0630 0553 2048 0549 0653 0333 0425 0553 0495 0563 0419 0554 0481 0657 0485 B aaaaaaaaaaaaaaaaaaaaaaaa
0095 2047 0550 0442 0651 0630 0554 2047 0550 0652 0334 0425 0554 0496 0563 0420 0555 0481 0657 0485 B aaaaaaaaaaaaaaaaaaaaaaaa
0096 2047 0550 0443 0649 0629 0554 2047 0551 0651 0334 0424 0555 0496 0563 0420 0555 0481 0657 0485 B aaaaaaaaaaaaaaaaaaaaaaaa
0097 2046 0551 0445 0647 0629 0555 2047 0552 0650 0335 0424 0556 0496 0563 0421 0555 0481 0657 0486 B aaaaaaaaaaaaaaaaaaaaaaaa
0098 2046 0552 0446 0645 0629 0556 2047 0553 0649 0336 0424 0557 0496 0564 0422 0556 0482 0657 0486 B aaaaaaaaaaaaaaaaaaaaaaaa
0099 2046 0553 0447 0644 0628 0557 2046 0553 0648 0337 0423 0557 0496 0564 0422 0556 0482 0657 0486 B aaaaaaaaaaaaaaaaaaaaaaaa
0100 2046 0554 0449 0642 0628 0558 2046 0554 0647 0337 0423 0558 0497 0564 0423 0556 0482 0657 0486 B aaaaaaaaaaaaaaaaaaaaaaaa
0101 2045 0555 0450 0640 0627 0558 2046 0555 0646 0338 0423 0559 0497 0564 0424 0556 0482 0657 0486 B aaaaaaaaaaaaaaaaaaaaaaaa
0102 2045 0555 0451 0638 0627 0559 2045 0556 0645 0339 0423 0560 0497 0564 0424 0557 0483 0657 0486 B aaaaaaaaaaaaaaaaaaaaaaaa
0103 2045 0556 0452 0637 0626 0560 2045 0556 0644 0340 0422 0560 0497 0564 0425 0557 0483 0657 0486 B aaaaaaaaaaaaaaaaaaaaaaaa
0104 2044 0557 0454 0635 0626 0561 2045 0557 0643 0340 0422 0561 0497 0565 0425 0557 0483 0657 0486 B aaaaaaaaaaaaaaaaaaaaaaaa
0105 2044 0557 0455 0633 0625 0561 2044 0558 0642 0341 0422 0562 0498 0565 0426 0557 0483 0656 0486 B aaaaaaaaaaaaaaaaaaaaaaaa
0106 2044 0558 0456 0632 0625 0562 2044 0558 0641 0342 0422 0562 0498 0565 0426 0558 0484 0656 0486 B aaaaaaaaaaaaaaaaaaaaaaaa
0107 2043 0559 0457 0630 0624 0562 2044 0559 0640 0343 0422 0563 0498 0565 0427 0558 0484 0656 0487 B aaaaaaaaaaaaaaaaaaaaaaaa
0108 2043 0559 0458 0629 0624 0563 2043 0560 0640 0343 0421 0563 0498 0565 0427 0558 0484 0656 0487 B aaaaaaaaaaaaaaaaaaaaaaaa
0109 2043 0560 0459 0627 0624 0563 2043 0560 0639 0344 0421 0564 0498 0565 0427 0558 0484 0656 0487 B aaaaaaaaaaaaaaaaaaaaaaaa
0110 2042 0560 0460 0626 0623 0564 2043 0561 0638 0345 0421 0564 0498 0565 0428 0558 0484 0656 0487 B aaaaaaaaaaaaaaaaaaaaaaaa
0111 2042 0561 0461 0624 0623 0564 2042 0561 0637 0345 0421 0565 0498 0566 0428 0559 0484 0656 0487 B aaaaaaaaaaaaaaaaaaaaaaaa
0112 2041 0561 0462 0623 0622 0565 2042 0562 0637 0346 0421 0565 0499 0566 0428 0559 0485 0656 0487 B aaaaaaaaaaaaaaaaaaaaaaaa
0113 2041 0562 0463 0622 0622 0565 2042 0562 0636 0346 0421 0566 0499 0566 0429 0559 0485 0656 0487 B aaaaaaaaaaaaaaaaaaaaaaaa
0114 2041 0562 0463 0621 0622 0566 2041 0562 0636 0347 0421 0566 0499 0566 0429 0559 0485 0656 0487 B aaaaaaaaaaaaaaaaaaaaaaaa
0115 2041 0562 0464 0620 0621 0566 2041 0563 0635 0347 0421 0566 0499 0566 0429 0559 0485 0656 0487 B aaaaaaaaaaaaaaaaaaaaaaaa
0116 2040 0563 0465 0618 0621 0566 2041 0563 0634 0348 0421 0567 0499 0566 0429 0559 0485 0656 0487 B aaaaaaaaaaaaaaaaaaaaaaaa
0117 2040 0563 0465 0618 0620 0567 2040 0563 0634 0348 0420 0567 0499 0566 0429 0560 0485 0655 0487 B aaaaaaaaaaaaaaaaaaaaaaaa
0118 2040 0563 0466 0617 0620 0567 2040 0564 0634 0349 0420 0567 0499 0566 0429 0560 0485 0655 0487 B aaaaaaaaaaaaaaaaaaaaaaaa
0119 2039 0564 0466 0616 0620 0567 2040 0564 0633 0349 0420 0567 0499 0566 0430 0560 0485 0655 0487 B aaaaaaaaaaaaaaaaaaaaaaaa
0120 2039 0564 0467 0615 0620 0567 2040 0564 0633 0349 0420 0568 0499 0566 0430 0560 0485 0655 0487 B aaaaaaaaaaaaaaaaaaaaaaaa
0121 2039 0564 0467 0614 0619 0567 2039 0564 0633 0350 0420 0568 0499 0566 0430 0560 0485 0655 0487 B aaaaaaaaaaaaaaaaaaaaaaaa
0122 2039 0564 0468 0614 0619 0568 2039 0565 0632 0350 0420 0568 0499 0566 0430 0560 0485 0655 0487 B aaaaaaaaaaaaaaaaaaaaaaaa
0123 2039 0564 0468 0613 0619 0568 2039 0565 0632 0350 0420 0568 0499 0566 0430 0560 0486 0655 0487 B aaaaaaaaaaaaaaaaaaaaaaaa
0124 2039 0564 0468 0613 0619 0568 2039 0565 0632 0350 0420 0568 0499 0567 0430 0560 0486 0655 0487 B aaaaaaaaaaaaaaaaaaaaaaaa
0125 2039 0565 0468 0613 0619 0568 2039 0565 0632 0350 0420 0568 0500 0567 0430 0560 0486 0655 0487 B aaaaaaaaaaaaaaaaaaaaaaaa
0126 2039 0565 0468 0613 0619 0568 2039 0565 0632 0350 0420 0568 0500 0567 0430 0560 0486 0655 0487 B aaaaaaaaaaaaaaaaaaaaaaaa
0127 2039 0565 0468 0613 0619 0568 2039 0565 0632 0350 0420 0568 0500 0567 0430 0560 0486 0655 0487 B aaaaaaaaaaaaaaaaaaaaaaaa
0128 2039 0565 0468 0613 0619 0568 2039 0565 0632 0350 0420 0568 0500 0567 0430 0560 0486 0655 0487 B aaaaaaaaaaaaaaaaaaaaaaaa
0129 2039 0565 0468 0613 0619 0568 2039 0565 0632 0350 0420 0568 0500 0567 0430 0560 0486 0655 0487 L aaaaaaaaaaaaaaaaaaaaaaaa
0130 2039 0565 0467 0614 0619 0568 2040 0565 0632 0350 0420 0568 0500 0567 0430 0560 0486 0655 0487 L aaaaaaaaaaaaaaaaaaaaaaaa
0131 2040 0564 0466 0616 0620 0568 2040 0565 0632 0350 0420 0568 0499 0567 0431 0560 0486 0656 0487 L aaaaaaaaaaaaaaaaaaaaaaaa
0132 2041 0564 0465 0617 0620 0568 2041 0565 0632 0350 0420 0568 0500 0567 0431 0560 0486 0656 0488 L aaaaaaaaaaaaaaaaaaaaaaaa
0133 2042 0564 0463 0620 0621 0568 2042 0565 0633 0350 0421 0568 0500 0567 0431 0560 0485 0657 0488 L aaaaaaaaaaaaaaaaaaaaaaaa
0134 2043 0564 0461 0623 0622 0568 2043 0564 0633 0349 0421 0568 0500 0567 0431 0560 0485 0658 0488 L aaaaaaaaaaaaaaaaaaaaaaaa
0135 2044 0564 0459 0626 0622 0568 2044 0564 0634 0349 0421 0568 0500 0566 0431 0560 0485 0658 0488 L aaaaaaaaaaaaaaaaaaaaaaaa
0136 2045 0564 0456 0629 0623 0568 2045 0564 0634 0348 0421 0568 0500 0566 0432 0559 0485 0659 0488 L aaaaaaaaaaaaaaaaaaaaaaaa
0137 2046 0564 0453 0633 0624 0568 2046 0564 0635 0348 0421 0568 0500 0566 0432 0559 0485 0660 0488 L aaaaaaaaaaaaaaaaaaaaaaaa
0138 2047 0563 0450 0637 0625 0568 2047 0564 0636 0347 0421 0568 0500 0566 0432 0559 0485 0661 0488 L aaaaaaaaaaaaaaaaaaaaaaaa
0139 2048 0563 0446 0642 0626 0568 2049 0563 0637 0347 0421 0568 0500 0566 0432 0559 0485 0663 0488 L aaaaaaaaaaaaaaaaaaaaaaaa
0140 2050 0563 0443 0646 0627 0568 2050 0563 0637 0346 0422 0568 0500 0566 0432 0559 0485 0664 0488 L aaaaaaaaaaaaaaaaaaaaaaaa
0141 2051 0563 0439 0651 0628 0568 2051 0563 0638 0345 0422 0568 0500 0566 0432 0559 0485 0665 0488 L aaaaaaaaaaaaaaaaaaaaaaaa
0142 2052 0563 0435 0656 0628 0569 2052 0562 0639 0344 0422 0568 0500 0566 0432 0559 0485 0667 0489 L aaaaaaaaaaaaaaaaaaaaaaaa
0143 2053 0562 0430 0661 0629 0569 2053 0562 0640 0344 0422 0568 0500 0566 0432 0559 0485 0668 0489 L aaaaaaaaaaaaaaaaaaaaaaaa
0144 2054 0562 0426 0666 0630 0569 2054 0562 0641 0343 0422 0568 0500 0566 0432 0559 0484 0670 0489 L aaaaaaaaaaaaaaaaaaaaaaaa
0145 2055 0562 0421 0671 0630 0569 2055 0561 0643 0342 0422 0568 0500 0566 0432 0559 0484 0671 0489 L aaaaaaaaaaaaaaaaaaaaaaaa
0146 2056 0562 0416 0676 0630 0569 2055 0561 0644 0341 0422 0568 0500 0566 0432 0559 0484 0673 0489 L aaaaaaaaaaaaaaaaaaaaaaaa
0147 2057 0561 0411 0681 0630 0569 2056 0561 0645 0339 0422 0568 0500 0566 0431 0559 0484 0675 0489 L aaaaaaaaaaaaaaaaaaaaaaaa
0148 2058 0561 0406 0686 0630 0569 2057 0560 0646 0338 0423 0568 0501 0566 0431 0559 0484 0677 0490 L aaaaaaaaaaaaaaaaaaaaaaaa
0149 2058 0561 0401 0692 0630 0569 2057 0560 0648 0337 0423 0568 0501 0566 0431 0559 0484 0679 0490 L aaaaaaaaaaaaaaaaaaaaaaaa
0150 2059 0561 0395 0697 0630 0569 2058 0559 0649 0336 0423 0568 0501 0566 0430 0559 0483 0681 0490 L aaaaaaaaaaaaaaaaaaaaaaaa
0151 2060 0560 0389 0702 0629 0570 2059 0559 0651 0334 0423 0568 0501 0566 0430 0559 0483 0683 0490 L aaaaaaaaaaaaaaaaaaaaaaaa
0152 2060 0560 0384 0707 0628 0570 2059 0559 0652 0333 0423 0568 0501 0566 0429 0559 0483 0685 0490 L aaaaaaaaaaaaaaaaaaaaaaaa
0153 2061 0560 0378 0711 0627 0570 2059 0558 0654 0331 0423 0568 0501 0566 0428 0559 0483 0687 0491 L aaaaaaaaaaaaaaaaaaaaaaaa
0154 2062 0560 0372 0716 0626 0570 2060 0558 0655 0330 0423 0568 0501 0565 0428 0559 0482 0689 0491 L aaaaaaaaaaaaaaaaaaaaaaaa
0155 2062 0559 0366 0720 0624 0570 2060 0557 0657 0328 0423 0568 0501 0565 0427 0559 0482 0692 0491 L aaaaaaaaaaaaaaaaaaaaaaaa
0156 2062 0559 0359 0725 0623 0570 2060 0556 0659 0326 0423 0568 0501 0565 0426 0559 0482 0694 0491 L aaaaaaaaaaaaaaaaaaaaaaaa
0157 2063 0559 0353 0729 0620 0571 2060 0556 0661 0325 0423 0568 0502 0565 0426 0559 0482 0697 0492 L aaaaaaaaaaaaaaaaaaaaaaaa
0158 2063 0558 0347 0733 0618 0571 2060 0555 0662 0323 0423 0568 0502 0565 0425 0559 0481 0699 0492 L aaaaaaaaaaaaaaaaaaaaaaaa
0159 2063 0558 0341 0736 0615 0571 2060 0555 0664 0321 0423 0568 0502 0565 0424 0559 0481 0702 0492 L aaaaaaaaaaaaaaaaaaaaaaaa
0160 2063 0558 0335 0739 0612 0571 2060 0554 0666 0319 0423 0568 0502 0565 0423 0559 0481 0704 0492 L aaaaaaaaaaaaaaaaaaaaaaaa
0161 2063 0557 0329 0742 0609 0571 2060 0554 0668 0318 0423 0568 0502 0565 0422 0559 0480 0706 0493 L aaaaaaaaaaaaaaaaaaaaaaaa
0162 2063 0557 0323 0744 0606 0572 2060 0553 0669 0316 0423 0568 0502 0565 0421 0560 0480 0709 0493 L aaaaaaaaaaaaaaaaaaaaaaaa
0163 2063 0557 0318 0746 0603 0572 2059 0552 0671 0314 0423 0567 0502 0564 0421 0560 0480 0711 0493 L aaaaaaaaaaaaaaaaaaaaaaaa
0164 2063 0556 0313 0748 0599 0572 2059 0552 0673 0313 0423 0567 0503 0564 0420 0560 0479 0713 0493 L aaaaaaaaaaaaaaaaaaaaaaaa
0165 2063 0556 0308 0750 0596 0572 2059 0551 0674 0311 0423 0567 0503 0564 0419 0560 0479 0715 0494 L aaaaaaaaaaaaaaaaaaaaaaaa
0166 2063 0556 0303 0751 0592 0572 2058 0551 0676 0310 0423 0567 0503 0564 0418 0560 0479 0717 0494 L aaaaaaaaaaaaaaaaaaaaaaaa
0167 2062 0556 0299 0751 0589 0573 2058 0550 0677 0308 0423 0567 0503 0564 0418 0560 0478 0719 0494 L aaaaaaaaaaaaaaaaaaaaaaaa
0168 2062 0555 0294 0752 0585 0573 2057 0550 0678 0307 0423 0567 0503 0564 0417 0560 0478 0721 0494 L aaaaaaaaaaaaaaaaaaaaaaaa
0169 2062 0555 0291 0752 0582 0573 2057 0550 0680 0306 0423 0567 0503 0564 0416 0560 0478 0723 0494 L aaaaaaaaaaaaaaaaaaaaaaaa
0170 2061 0555 0287 0752 0578 0573 2056 0549 0681 0305 0423 0567 0504 0564 0416 0560 0477 0724 0495 L aaaaaaaaaaaaaaaaaaaaaaaa
0171 2061 0555 0284 0752 0575 0573 2056 0549 0682 0303 0423 0567 0504 0564 0415 0560 0477 0726 0495 L aaaaaaaaaaaaaaaaaaaaaaaa
0172 2061 0555 0281 0752 0572 0573 2055 0548 0683 0302 0423 0567 0504 0563 0415 0560 0477 0727 0495 L aaaaaaaaaaaaaaaaaaaaaaaa
0173 2061 0555 0278 0752 0569 0574 2055 0548 0684 0301 0423 0567 0504 0563 0414 0560 0477 0728 0495 L aaaaaaaaaaaaaaaaaaaaaaaa
0174 2060 0554 0275 0752 0566 0574 2054 0548 0685 0301 0423 0567 0504 0563 0414 0560 0477 0729 0495 L aaaaaaaaaaaaaaaaaaaaaaaa
0175 2060 0554 0273 0751 0563 0574 2054 0548 0686 0300 0423 0567 0504 0563 0413 0560 0476 0731 0495 L aaaaaaaaaaaaaaaaaaaaaaaa
0176 2060 0554 0271 0751 0560 0574 2054 0547 0686 0299 0423 0567 0504 0563 0413 0560 0476 0732 0495 L aaaaaaaaaaaaaaaaaaaaaaaa
0177 2060 0554 0269 0750 0557 0574 2053 0547 0687 0298 0423 0567 0504 0563 0412 0561 0476 0733 0496 L aaaaaaaaaaaaaaaaaaaaaaaa
0178 2059 0554 0267 0749 0555 0574 2053 0547 0688 0298 0423 0567 0505 0563 0412 0561 0476 0733 0496 L aaaaaaaaaaaaaaaaaaaaaaaa
0179 2059 0554 0265 0749 0553 0574 2052 0547 0688 0297 0423 0567 0505 0563 0412 0561 0476 0734 0496 L aaaaaaaaaaaaaaaaaaaaaaaa
0180 2059 0554 0263 0748 0550 0574 2052 0546 0689 0296 0423 0567 0505 0563 0411 0561 0476 0735 0496 L aaaaaaaaaaaaaaaaaaaaaaaa
0181 2059 0554 0262 0747 0548 0575 2052 0546 0690 0296 0423 0567 0505 0563 0411 0561 0475 0736 0496 L aaaaaaaaaaaaaaaaaaaaaaaa
0182 2059 0554 0261 0747 0547 0575 2052 0546 0690 0295 0423 0567 0505 0563 0411 0561 0475 0736 0496 L aaaaaaaaaaaaaaaaaaaaaaaa
0183 2058 0554 0260 0746 0545 0575 2051 0546 0690 0295 0423 0567 0505 0563 0411 0561 0475 0737 0496 L aaaaaaaaaaaaaaaaaaaaaaaa
0184 2058 0554 0259 0746 0543 0575 2051 0546 0691 0295 0423 0567 0505 0563 0411 0561 0475 0737 0496 L aaaaaaaaaaaaaaaaaaaaaaaa
0185 2058 0554 0258 0745 0542 0575 2051 0546 0691 0294 0423 0567 0505 0563 0410 0561 0475 0738 0496 L aaaaaaaaaaaaaaaaaaaaaaaa
0186 2058 0554 0257 0745 0541 0575 2051 0546 0691 0294 0423 0567 0505 0563 0410 0561 0475 0738 0496 L aaaaaaaaaaaaaaaaaaaaaaaa
0187 2058 0554 0257 0744 0540 0575 2050 0545 0692 0294 0423 0567 0505 0563 0410 0561 0475 0738 0496 L aaaaaaaaaaaaaaaaaaaaaaaa
0188 2058 0554 0256 0744 0539 0575 2050 0545 0692 0294 0423 0567 0505 0563 0410 0561 0475 0739 0496 L aaaaaaaaaaaaaaaaaaaaaaaa
0189 2058 0554 0256 0744 0539 0575 2050 0545 0692 0294 0423 0567 0505 0563 0410 0561 0475 0739 0496 L aaaaaaaaaaaaaaaaaaaaaaaa
0190 2057 0554 0256 0744 0538 0575 2050 0545 0692 0293 0423 0567 0505 0563 0410 0561 0475 0739 0496 L aaaaaaaaaaaaaaaaaaaaaaaa
0191 2057 0554 0256 0744 0538 0575 2050 0545 0692 0293 0423 0567 0505 0563 0410 0561 0475 0739 0496 L aaaaaaaaaaaaaaaaaaaaaaaa
0192 2057 0554 0256 0744 0538 0575 2050 0545 0692 0293 0423 0567 0505 0563 0410 0561 0475 0739 0496 L aaaaaaaaaaaaaaaaaaaaaaaa
0193 2058 0554 0256 0743 0538 0575 2050 0545 0692 0294 0423 0567 0505 0563 0410 0561 0475 0739 0496 L aaaaaaaaaaaaaaaaaaaaaaaa
0194 2058 0554 0257 0742 0538 0575 2051 0545 0692 0294 0423 0567 0506 0563 0410 0560 0475 0738 0496 L aaaaaaaaaaaaaaaaaaaaaaaa
0195 2058 0554 0257 0741 0537 0575 2051 0546 0692 0294 0424 0567 0506 0563 0410 0560 0475 0738 0496 L aaaaaaaaaaaaaaaaaaaaaaaa
0196 2058 0554 0259 0739 0537 0575 2051 0546 0691 0295 0424 0567 0506 0563 0411 0560 0475 0737 0496 L aaaaaaaaaaaaaaaaaaaaaaaa
0197 2059 0554 0260 0737 0536 0574 2052 0546 0691 0296 0424 0567 0506 0563 0411 0560 0475 0736 0496 L aaaaaaaaaaaaaaaaaaaaaaaa
0198 2059 0554 0262 0735 0535 0574 2053 0546 0690 0297 0425 0567 0506 0563 0411 0559 0476 0735 0495 L aaaaaaaaaaaaaaaaaaaaaaaa
0199 2060 0554 0264 0731 0534 0574 2054 0547 0690 0298 0425 0567 0506 0563 0411 0559 0476 0733 0495 L aaaaaaaaaaaaaaaaaaaaaaaa
0200 2061 0554 0267 0728 0533 0574 2055 0547 0689 0300 0426 0567 0506 0563 0412 0558 0476 0732 0495 L aaaaaaaaaaaaaaaaaaaaaaaa
0201 2062 0554 0269 0724 0532 0573 2056 0548 0688 0301 0427 0567 0506 0563 0412 0557 0477 0730 0495 L aaaaaaaaaaaaaaaaaaaaaaaa
0202 2062 0554 0272 0719 0530 0573 2057 0548 0687 0303 0427 0567 0507 0564 0413 0556 0477 0728 0494 L aaaaaaaaaaaaaaaaaaaaaaaa
0203 2064 0554 0276 0714 0529 0572 2059 0549 0686 0305 0428 0567 0507 0564 0413 0555 0477 0725 0494 L aaaaaaaaaaaaaaaaaaaaaaaa
0204 2065 0554 0280 0708 0527 0572 2060 0549 0685 0307 0429 0567 0507 0564 0414 0554 0478 0723 0494 L aaaaaaaaaaaaaaaaaaaaaaaa
0205 2066 0554 0284 0701 0524 0572 2062 0550 0683 0309 0430 0567 0507 0564 0415 0553 0478 0720 0493 L aaaaaaaaaaaaaaaaaaaaaaaa
0206 2068 0555 0289 0694 0522 0571 2064 0551 0682 0312 0432 0567 0507 0565 0415 0552 0479 0717 0493 L aaaaaaaaaaaaaaaaaaaaaaaa
0207 2069 0555 0294 0687 0519 0571 2066 0552 0681 0315 0433 0567 0508 0565 0416 0551 0480 0714 0492 L aaaaaaaaaaaaaaaaaaaaaaaa
0208 2071 0555 0299 0679 0516 0570 2069 0552 0679 0318 0434 0567 0508 0565 0416 0550 0480 0711 0491 L aaaaaaaaaaaaaaaaaaaaaaaa
0209 2073 0555 0304 0670 0513 0570 2071 0553 0678 0320 0435 0567 0508 0565 0417 0548 0481 0707 0491 L aaaaaaaaaaaaaaaaaaaaaaaa
0210 2076 0556 0309 0662 0510 0569 2074 0554 0676 0323 0437 0567 0508 0566 0418 0547 0481 0704 0490 L aaaaaaaaaaaaaaaaaaaaaaaa
0211 2078 0556 0315 0653 0507 0569 2077 0555 0675 0326 0438 0568 0508 0566 0418 0546 0482 0701 0489 L aaaaaaaaaaaaaaaaaaaaaaaa
0212 2081 0556 0320 0645 0503 0569 2080 0555 0673 0329 0439 0568 0508 0566 0418 0545 0483 0698 0489 L aaaaaaaaaaaaaaaaaaaaaaaa
0213 2084 0557 0324 0637 0500 0568 2083 0556 0672 0331 0441 0568 0508 0567 0418 0543 0483 0695 0488 L aaaaaaaaaaaaaaaaaaaaaaaa
0214 2087 0557 0329 0630 0497 0568 2086 0557 0671 0334 0442 0568 0508 0567 0419 0542 0484 0692 0487 L aaaaaaaaaaaaaaaaaaaaaaaa
0215 2090 0557 0333 0622 0495 0568 2090 0557 0670 0336 0443 0568 0507 0567 0419 0541 0484 0689 0486 L aaaaaaaaaaaaaaaaaaaaaaaa
0216 2093 0558 0337 0616 0492 0568 2093 0558 0669 0338 0444 0568 0507 0568 0418 0540 0485 0687 0486 L aaaaaaaaaaaaaaaaaaaaaaaa
0217 2096 0558 0341 0610 0490 0568 2096 0558 0668 0340 0445 0568 0507 0568 0418 0539 0485 0685 0485 L aaaaaaaaaaaaaaaaaaaaaaaa
0218 2099 0558 0344 0605 0488 0568 2100 0559 0667 0342 0446 0568 0507 0568 0418 0539 0485 0683 0484 L aaaaaaaaaaaaaaaaaaaaaaaa
0219 2102 0559 0347 0600 0486 0568 2103 0559 0666 0343 0447 0568 0506 0568 0418 0538 0486 0681 0483 L aaaaaaaaaaaaaaaaaaaaaaaa
0220 2105 0559 0349 0596 0484 0568 2105 0560 0666 0345 0448 0568 0506 0569 0417 0537 0486 0680 0483 L aaaaaaaaaaaaaaaaaaaaaaaa
0221 2107 0559 0351 0593 0483 0568 2107 0560 0665 0346 0448 0568 0505 0569 0417 0537 0486 0679 0482 L aaaaaaaaaaaaaaaaaaaaaaaa
0222 2108 0559 0352 0591 0482 0568 2109 0560 0665 0346 0448 0568 0505 0569 0416 0536 0486 0678 0482 L aaaaaaaaaaaaaaaaaaaaaaaa
0223 2109 0560 0353 0590 0482 0568 2109 0560 0665 0347 0449 0568 0505 0569 0416 0536 0487 0678 0482 L aaaaaaaaaaaaaaaaaaaaaaaa
0224 2108 0560 0353 0590 0482 0568 2109 0560 0665 0347 0449 0568 0505 0569 0416 0536 0487 0677 0482 L aaaaaaaaaaaaaaaaaaaaaaaa
