0224->prawa_calaaaaaaaaaaaaaaaaaaaaaaaaaaaaaaaaaaaaaaaaaaaaaa0001 2061 0492 0366 0696 0598 0504 2061 0492 0672 0310 0421 0504 0486 0506 0382 0522 0423 0615 0475 B aaaaaaaaaaaaaaaaaaaaaaaa
0002 2061 0492 0366 0695 0598 0504 2061 0492 0672 0310 0422 0504 0487 0506 0383 0522 0423 0614 0475 B aaaaaaaaaaaaaaaaaaaaaaaa
0003 2061 0492 0366 0695 0598 0504 2061 0492 0672 0310 0422 0504 0487 0506 0383 0522 0423 0615 0475 B aaaaaaaaaaaaaaaaaaaaaaaa
0004 2061 0492 0366 0695 0598 0504 2061 0492 0672 0310 0422 0504 0487 0506 0383 0522 0423 0615 0475 B aaaaaaaaaaaaaaaaaaaaaaaa
0005 2061 0492 0366 0695 0598 0504 2061 0492 0672 0310 0422 0504 0487 0506 0383 0522 0424 0615 0475 B aaaaaaaaaaaaaaaaaaaaaaaa
0006 2061 0493 0366 0695 0598 0504 2061 0492 0672 0310 0422 0504 0487 0506 0383 0522 0424 0615 0475 B aaaaaaaaaaaaaaaaaaaaaaaa
0007 2061 0493 0366 0695 0598 0505 2061 0492 0672 0310 0422 0504 0487 0506 0383 0522 0424 0615 0475 B aaaaaaaaaaaaaaaaaaaaaaaa
0008 2061 0493 0366 0695 0598 0505 2061 0492 0672 0310 0421 0504 0487 0506 0383 0522 0424 0615 0475 B aaaaaaaaaaaaaaaaaaaaaaaa
0009 2061 0493 0366 0695 0598 0505 2061 0493 0672 0310 0421 0504 0487 0506 0383 0522 0424 0615 0475 B aaaaaaaaaaaaaaaaaaaaaaaa
0010 2061 0493 0366 0695 0598 0505 2061 0493 0672 0310 0421 0505 0487 0506 0383 0522 0424 0616 0475 B aaaaaaaaaaaaaaaaaaaaaaaa
0011 2061 0493 0366 0695 0598 0505 2060 0493 0672 0310 0421 0505 0487 0507 0383 0522 0424 0616 0475 B aaaaaaaaaaaaaaaaaaaaaaaa
0012 2061 0494 0366 0696 0598 0505 2060 0493 0672 0310 0421 0505 0487 0507 0383 0523 0424 0616 0475 B aaaaaaaaaaaaaaaaaaaaaaaa
0013 2061 0494 0366 0696 0598 0506 2060 0493 0672 0310 0421 0505 0486 0507 0382 0523 0425 0617 0475 B aaaaaaaaaaaaaaaaaaaaaaaa
0014 2061 0494 0366 0696 0598 0506 2060 0494 0672 0310 0421 0505 0486 0507 0382 0523 0425 0617 0475 B aaaaaaaaaaaaaaaaaaaaaaaa
0015 2061 0494 0366 0696 0598 0506 2060 0494 0672 0310 0421 0506 0486 0507 0382 0523 0425 0617 0475 B aaaaaaaaaaaaaaaaaaaaaaaa
0016 2061 0495 0366 0696 0598 0506 2060 0494 0672 0310 0421 0506 0486 0508 0382 0523 0425 0618 0476 B aaaaaaaaaaaaaaaaaaaaaaaa
0017 2061 0495 0366 0696 0598 0507 2060 0495 0672 0310 0421 0506 0486 0508 0382 0523 0426 0618 0476 B aaaaaaaaaaaaaaaaaaaaaaaa
0018 2061 0495 0366 0696 0598 0507 2060 0495 0671 0310 0421 0507 0486 0508 0382 0524 0426 0618 0476 B aaaaaaaaaaaaaaaaaaaaaaaa
0019 2061 0496 0366 0696 0598 0507 2060 0495 0671 0310 0421 0507 0486 0509 0382 0524 0426 0619 0476 B aaaaaaaaaaaaaaaaaaaaaaaa
0020 2060 0496 0366 0696 0598 0508 2060 0496 0671 0310 0421 0507 0486 0509 0382 0524 0426 0619 0476 B aaaaaaaaaaaaaaaaaaaaaaaa
0021 2060 0496 0366 0696 0598 0508 2060 0496 0671 0310 0421 0508 0486 0509 0382 0524 0427 0620 0476 B aaaaaaaaaaaaaaaaaaaaaaaa
0022 2060 0497 0366 0696 0598 0508 2060 0497 0671 0310 0421 0508 0486 0510 0382 0525 0427 0620 0476 B aaaaaaaaaaaaaaaaaaaaaaaa
0023 2060 0497 0366 0696 0598 0509 2060 0497 0671 0310 0421 0508 0486 0510 0382 0525 0427 0621 0476 B aaaaaaaaaaaaaaaaaaaaaaaa
0024 2060 0498 0365 0696 0598 0509 2060 0497 0671 0310 0421 0509 0486 0510 0382 0525 0428 0621 0476 B aaaaaaaaaaaaaaaaaaaaaaaa
0025 2060 0498 0365 0696 0598 0509 2060 0498 0671 0310 0421 0509 0486 0511 0382 0525 0428 0622 0476 B aaaaaaaaaaaaaaaaaaaaaaaa
0026 2060 0499 0365 0696 0598 0510 2060 0498 0671 0310 0421 0510 0486 0511 0381 0526 0428 0623 0477 B aaaaaaaaaaaaaaaaaaaaaaaa
0027 2060 0499 0365 0696 0598 0510 2060 0499 0671 0310 0421 0510 0486 0512 0381 0526 0429 0623 0477 B aaaaaaaaaaaaaaaaaaaaaaaa
0028 2060 0500 0365 0696 0598 0511 2060 0499 0671 0310 0421 0510 0486 0512 0381 0526 0429 0624 0477 B aaaaaaaaaaaaaaaaaaaaaaaa
0029 2060 0500 0365 0696 0598 0511 2060 0500 0671 0310 0421 0511 0486 0513 0381 0527 0430 0625 0477 B aaaaaaaaaaaaaaaaaaaaaaaa
0030 2060 0501 0365 0697 0598 0512 2060 0500 0671 0310 0421 0511 0486 0513 0381 0527 0430 0625 0477 B aaaaaaaaaaaaaaaaaaaaaaaa
0031 2060 0501 0365 0697 0598 0512 2060 0501 0671 0310 0421 0512 0486 0514 0381 0527 0430 0626 0477 B aaaaaaaaaaaaaaaaaaaaaaaa
0032 2060 0502 0365 0697 0598 0513 2060 0502 0671 0310 0421 0512 0486 0514 0381 0528 0431 0627 0477 B aaaaaaaaaaaaaaaaaaaaaaaa
0033 2060 0502 0365 0697 0598 0513 2060 0502 0671 0310 0421 0513 0486 0515 0381 0528 0431 0628 0478 B aaaaaaaaaaaaaaaaaaaaaaaa
0034 2060 0503 0365 0697 0598 0514 2060 0503 0671 0310 0421 0514 0486 0515 0381 0528 0432 0628 0478 B aaaaaaaaaaaaaaaaaaaaaaaa
0035 2060 0504 0365 0697 0598 0514 2060 0503 0671 0310 0421 0514 0486 0516 0381 0529 0432 0629 0478 B aaaaaaaaaaaaaaaaaaaaaaaa
0036 2060 0504 0365 0697 0598 0515 2060 0504 0671 0310 0421 0515 0486 0516 0381 0529 0433 0630 0478 B aaaaaaaaaaaaaaaaaaaaaaaa
0037 2060 0505 0365 0697 0598 0515 2060 0505 0671 0310 0421 0515 0486 0517 0381 0530 0433 0631 0478 B aaaaaaaaaaaaaaaaaaaaaaaa
0038 2060 0505 0365 0697 0597 0516 2060 0505 0670 0310 0420 0516 0486 0517 0381 0530 0434 0632 0478 B aaaaaaaaaaaaaaaaaaaaaaaa
0039 2060 0506 0365 0696 0597 0517 2060 0506 0670 0310 0420 0517 0486 0518 0382 0530 0434 0633 0478 B aaaaaaaaaaaaaaaaaaaaaaaa
0040 2060 0507 0365 0696 0597 0517 2060 0507 0670 0310 0420 0517 0486 0519 0382 0531 0435 0634 0479 B aaaaaaaaaaaaaaaaaaaaaaaa
0041 2060 0507 0365 0696 0597 0518 2060 0507 0670 0310 0420 0518 0486 0519 0382 0531 0435 0635 0479 B aaaaaaaaaaaaaaaaaaaaaaaa
0042 2060 0508 0365 0696 0597 0519 2060 0508 0670 0310 0420 0519 0486 0520 0382 0532 0436 0636 0479 B aaaaaaaaaaaaaaaaaaaaaaaa
0043 2060 0509 0365 0696 0597 0519 2060 0509 0670 0310 0420 0519 0486 0521 0382 0532 0437 0637 0479 B aaaaaaaaaaaaaaaaaaaaaaaa
0044 2060 0509 0365 0696 0597 0520 2060 0510 0670 0310 0420 0520 0486 0521 0382 0533 0437 0638 0479 B aaaaaaaaaaaaaaaaaaaaaaaa
0045 2060 0510 0365 0696 0597 0521 2060 0510 0670 0311 0420 0521 0486 0522 0383 0533 0438 0639 0480 B aaaaaaaaaaaaaaaaaaaaaaaa
0046 2060 0511 0365 0696 0597 0521 2060 0511 0670 0311 0420 0521 0486 0523 0383 0534 0438 0640 0480 B aaaaaaaaaaaaaaaaaaaaaaaa
0047 2060 0512 0365 0696 0597 0522 2060 0512 0670 0311 0420 0522 0486 0523 0383 0534 0439 0641 0480 B aaaaaaaaaaaaaaaaaaaaaaaa
0048 2060 0512 0365 0696 0597 0523 2060 0513 0670 0311 0420 0523 0486 0524 0384 0534 0440 0642 0480 B aaaaaaaaaaaaaaaaaaaaaaaa
0049 2060 0513 0365 0695 0597 0524 2060 0513 0669 0311 0420 0524 0486 0525 0384 0535 0440 0643 0480 B aaaaaaaaaaaaaaaaaaaaaaaa
0050 2060 0514 0365 0695 0596 0524 2060 0514 0669 0311 0420 0524 0486 0526 0384 0535 0441 0644 0480 B aaaaaaaaaaaaaaaaaaaaaaaa
0051 2060 0515 0365 0695 0596 0525 2060 0515 0669 0311 0420 0525 0487 0526 0385 0536 0442 0645 0481 B aaaaaaaaaaaaaaaaaaaaaaaa
0052 2060 0516 0365 0695 0596 0526 2060 0516 0669 0312 0420 0526 0487 0527 0385 0536 0442 0647 0481 B aaaaaaaaaaaaaaaaaaaaaaaa
0053 2060 0516 0365 0694 0596 0527 2060 0517 0669 0312 0420 0527 0487 0528 0386 0537 0443 0648 0481 B aaaaaaaaaaaaaaaaaaaaaaaa
0054 2060 0517 0366 0694 0596 0528 2061 0517 0669 0312 0420 0528 0487 0529 0386 0537 0444 0649 0481 B aaaaaaaaaaaaaaaaaaaaaaaa
0055 2060 0518 0366 0694 0596 0528 2061 0518 0669 0312 0421 0529 0487 0530 0387 0538 0445 0650 0481 B aaaaaaaaaaaaaaaaaaaaaaaa
0056 2061 0519 0366 0693 0595 0529 2061 0519 0668 0312 0421 0530 0487 0530 0387 0539 0445 0651 0482 B aaaaaaaaaaaaaaaaaaaaaaaa
0057 2061 0520 0366 0693 0595 0530 2061 0520 0668 0313 0421 0530 0488 0531 0388 0539 0446 0652 0482 B aaaaaaaaaaaaaaaaaaaaaaaa
0058 2061 0521 0366 0693 0595 0531 2061 0521 0668 0313 0421 0531 0488 0532 0389 0540 0447 0654 0482 B aaaaaaaaaaaaaaaaaaaaaaaa
0059 2061 0521 0366 0692 0595 0532 2061 0522 0668 0313 0421 0532 0488 0533 0389 0540 0448 0655 0482 B aaaaaaaaaaaaaaaaaaaaaaaa
0060 2061 0522 0366 0692 0595 0533 2061 0523 0668 0313 0421 0533 0489 0534 0390 0540 0449 0656 0482 B aaaaaaaaaaaaaaaaaaaaaaaa
0061 2061 0523 0367 0691 0594 0534 2061 0524 0668 0314 0421 0534 0489 0535 0391 0541 0449 0657 0483 B aaaaaaaaaaaaaaaaaaaaaaaa
0062 2061 0524 0367 0691 0594 0535 2061 0524 0667 0314 0421 0535 0489 0536 0392 0541 0450 0658 0483 B aaaaaaaaaaaaaaaaaaaaaaaa
0063 2061 0525 0367 0690 0594 0535 2062 0525 0667 0314 0421 0536 0489 0536 0393 0542 0451 0659 0483 B aaaaaaaaaaaaaaaaaaaaaaaa
0064 2061 0526 0367 0690 0593 0536 2062 0526 0667 0315 0421 0537 0490 0537 0393 0542 0452 0660 0483 B aaaaaaaaaaaaaaaaaaaaaaaa
0065 2061 0527 0367 0689 0593 0537 2062 0527 0667 0315 0421 0538 0490 0538 0394 0543 0453 0661 0483 B aaaaaaaaaaaaaaaaaaaaaaaa
0066 2061 0527 0367 0689 0593 0538 2062 0528 0666 0316 0422 0539 0490 0539 0395 0543 0454 0662 0484 B aaaaaaaaaaaaaaaaaaaaaaaa
0067 2062 0528 0368 0688 0593 0539 2062 0529 0666 0316 0422 0539 0491 0540 0396 0544 0454 0663 0484 B aaaaaaaaaaaaaaaaaaaaaaaa
0068 2062 0529 0368 0688 0592 0540 2062 0530 0666 0317 0422 0540 0491 0541 0397 0544 0455 0664 0484 B aaaaaaaaaaaaaaaaaaaaaaaa
0069 2062 0530 0368 0687 0592 0541 2062 0531 0666 0317 0422 0541 0492 0541 0398 0544 0456 0665 0484 B aaaaaaaaaaaaaaaaaaaaaaaa
0070 2062 0531 0368 0687 0592 0542 2062 0532 0665 0317 0422 0542 0492 0542 0399 0545 0457 0666 0484 B aaaaaaaaaaaaaaaaaaaaaaaa
0071 2062 0532 0369 0686 0591 0542 2062 0532 0665 0318 0422 0543 0492 0543 0400 0545 0458 0666 0485 B aaaaaaaaaaaaaaaaaaaaaaaa
0072 2062 0533 0369 0685 0591 0543 2063 0533 0665 0318 0423 0544 0493 0544 0401 0545 0459 0667 0485 B aaaaaaaaaaaaaaaaaaaaaaaa
0073 2062 0534 0369 0685 0591 0544 2063 0534 0665 0319 0423 0545 0493 0545 0402 0546 0460 0668 0485 B aaaaaaaaaaaaaaaaaaaaaaaa
0074 2062 0534 0369 0684 0590 0545 2063 0535 0664 0320 0423 0546 0494 0545 0403 0546 0460 0668 0485 B aaaaaaaaaaaaaaaaaaaaaaaa
0075 2062 0535 0370 0684 0590 0546 2063 0536 0664 0320 0423 0546 0494 0546 0404 0546 0461 0669 0485 B aaaaaaaaaaaaaaaaaaaaaaaa
0076 2062 0536 0370 0683 0590 0547 2063 0537 0664 0321 0423 0547 0494 0547 0405 0546 0462 0670 0485 B aaaaaaaaaaaaaaaaaaaaaaaa
0077 2062 0537 0370 0682 0589 0547 2063 0538 0663 0321 0424 0548 0495 0548 0406 0547 0463 0670 0485 B aaaaaaaaaaaaaaaaaaaaaaaa
0078 2063 0538 0370 0682 0589 0548 2063 0538 0663 0322 0424 0549 0495 0548 0407 0547 0464 0671 0486 B aaaaaaaaaaaaaaaaaaaaaaaa
0079 2063 0538 0370 0681 0589 0549 2063 0539 0663 0322 0424 0550 0496 0549 0408 0547 0464 0671 0486 B aaaaaaaaaaaaaaaaaaaaaaaa
0080 2063 0539 0371 0681 0588 0550 2063 0540 0662 0323 0424 0550 0496 0550 0408 0547 0465 0672 0486 B aaaaaaaaaaaaaaaaaaaaaaaa
0081 2063 0540 0371 0680 0588 0550 2063 0541 0662 0323 0425 0551 0496 0550 0409 0548 0466 0672 0486 B aaaaaaaaaaaaaaaaaaaaaaaa
0082 2063 0541 0371 0680 0588 0551 2064 0542 0662 0324 0425 0552 0497 0551 0410 0548 0467 0672 0486 B aaaaaaaaaaaaaaaaaaaaaaaa
0083 2063 0541 0371 0679 0587 0552 2064 0542 0661 0325 0425 0553 0497 0552 0411 0548 0467 0673 0486 B aaaaaaaaaaaaaaaaaaaaaaaa
0084 2063 0542 0372 0678 0587 0552 2064 0543 0661 0325 0425 0553 0497 0552 0412 0548 0468 0673 0486 B aaaaaaaaaaaaaaaaaaaaaaaa
0085 2063 0543 0372 0678 0587 0553 2064 0544 0661 0326 0425 0554 0498 0553 0413 0548 0469 0673 0487 B aaaaaaaaaaaaaaaaaaaaaaaa
0086 2063 0544 0372 0677 0587 0554 2064 0544 0661 0326 0426 0555 0498 0554 0413 0548 0470 0673 0487 B aaaaaaaaaaaaaaaaaaaaaaaa
0087 2063 0544 0372 0677 0586 0554 2064 0545 0660 0327 0426 0555 0498 0554 0414 0548 0470 0674 0487 B aaaaaaaaaaaaaaaaaaaaaaaa
0088 2063 0545 0373 0676 0586 0555 2064 0546 0660 0328 0426 0556 0499 0555 0415 0548 0471 0674 0487 B aaaaaaaaaaaaaaaaaaaaaaaa
0089 2063 0546 0373 0676 0586 0555 2064 0547 0660 0328 0426 0556 0499 0555 0416 0549 0472 0674 0487 B aaaaaaaaaaaaaaaaaaaaaaaa
0090 2063 0546 0373 0675 0585 0556 2064 0547 0659 0329 0427 0557 0499 0556 0416 0549 0472 0674 0487 B aaaaaaaaaaaaaaaaaaaaaaaa
0091 2063 0547 0373 0674 0585 0557 2064 0548 0659 0329 0427 0558 0500 0556 0417 0549 0473 0674 0487 B aaaaaaaaaaaaaaaaaaaaaaaa
0092 2063 0548 0373 0674 0585 0557 2064 0548 0659 0330 0427 0558 0500 0557 0418 0549 0473 0674 0487 B aaaaaaaaaaaaaaaaaaaaaaaa
0093 2063 0548 0374 0673 0584 0558 2064 0549 0658 0331 0427 0559 0500 0557 0418 0549 0474 0675 0488 B aaaaaaaaaaaaaaaaaaaaaaaa
0094 2063 0549 0374 0673 0584 0558 2064 0550 0658 0331 0428 0559 0500 0558 0419 0549 0475 0675 0488 B aaaaaaaaaaaaaaaaaaaaaaaa
0095 2063 0549 0374 0672 0584 0559 2064 0550 0658 0332 0428 0560 0501 0558 0420 0549 0475 0675 0488 B aaaaaaaaaaaaaaaaaaaaaaaa
0096 2063 0550 0374 0672 0584 0559 2064 0551 0657 0332 0428 0560 0501 0559 0420 0549 0476 0675 0488 B aaaaaaaaaaaaaaaaaaaaaaaa
0097 2063 0551 0374 0671 0583 0560 2064 0551 0657 0333 0428 0561 0501 0559 0421 0549 0476 0675 0488 B aaaaaaaaaaaaaaaaaaaaaaaa
0098 2063 0551 0375 0671 0583 0560 2064 0552 0657 0333 0428 0561 0501 0560 0421 0549 0477 0675 0488 B aaaaaaaaaaaaaaaaaaaaaaaa
0099 2063 0552 0375 0671 0583 0561 2064 0553 0657 0334 0429 0562 0502 0560 0422 0549 0477 0675 0488 B aaaaaaaaaaaaaaaaaaaaaaaa
0100 2063 0552 0375 0670 0583 0561 2064 0553 0656 0334 0429 0562 0502 0561 0422 0549 0478 0675 0488 B aaaaaaaaaaaaaaaaaaaaaaaa
0101 2063 0553 0375 0670 0582 0562 2064 0554 0656 0335 0429 0562 0502 0561 0423 0549 0478 0675 0488 B aaaaaaaaaaaaaaaaaaaaaaaa
0102 2063 0553 0375 0669 0582 0562 2064 0554 0656 0335 0429 0563 0502 0561 0423 0549 0479 0675 0488 B aaaaaaaaaaaaaaaaaaaaaaaa
0103 2063 0554 0375 0669 0582 0562 2064 0554 0655 0336 0430 0563 0503 0562 0424 0549 0479 0675 0488 B aaaaaaaaaaaaaaaaaaaaaaaa
0104 2063 0554 0376 0668 0582 0563 2064 0555 0655 0336 0430 0564 0503 0562 0424 0549 0480 0675 0489 B aaaaaaaaaaaaaaaaaaaaaaaa
0105 2063 0554 0376 0668 0582 0563 2064 0555 0655 0337 0430 0564 0503 0563 0425 0549 0480 0675 0489 B aaaaaaaaaaaaaaaaaaaaaaaa
0106 2063 0555 0376 0668 0581 0563 2064 0556 0655 0337 0430 0564 0503 0563 0425 0549 0480 0675 0489 B aaaaaaaaaaaaaaaaaaaaaaaa
0107 2063 0555 0376 0667 0581 0564 2064 0556 0654 0338 0430 0565 0503 0563 0425 0549 0481 0675 0489 B aaaaaaaaaaaaaaaaaaaaaaaa
0108 2063 0556 0376 0667 0581 0564 2064 0557 0654 0338 0430 0565 0503 0564 0426 0549 0481 0675 0489 B aaaaaaaaaaaaaaaaaaaaaaaa
0109 2063 0556 0376 0667 0581 0564 2064 0557 0654 0338 0431 0565 0504 0564 0426 0549 0481 0675 0489 B aaaaaaaaaaaaaaaaaaaaaaaa
0110 2063 0556 0376 0666 0581 0565 2064 0557 0654 0339 0431 0566 0504 0564 0426 0549 0482 0675 0489 B aaaaaaaaaaaaaaaaaaaaaaaa
0111 2063 0557 0377 0666 0580 0565 2064 0558 0654 0339 0431 0566 0504 0564 0427 0549 0482 0675 0489 B aaaaaaaaaaaaaaaaaaaaaaaa
0112 2063 0557 0377 0666 0580 0565 2064 0558 0653 0340 0431 0566 0504 0565 0427 0549 0482 0675 0489 B aaaaaaaaaaaaaaaaaaaaaaaa
0113 2063 0557 0377 0665 0580 0565 2064 0558 0653 0340 0431 0566 0504 0565 0427 0549 0483 0675 0489 B aaaaaaaaaaaaaaaaaaaaaaaa
0114 2063 0557 0377 0665 0580 0566 2064 0558 0653 0340 0431 0567 0504 0565 0428 0549 0483 0675 0489 B aaaaaaaaaaaaaaaaaaaaaaaa
0115 2063 0558 0377 0665 0580 0566 2064 0559 0653 0340 0431 0567 0504 0565 0428 0549 0483 0675 0489 B aaaaaaaaaaaaaaaaaaaaaaaa
0116 2063 0558 0377 0665 0580 0566 2064 0559 0653 0341 0432 0567 0504 0565 0428 0549 0483 0675 0489 B aaaaaaaaaaaaaaaaaaaaaaaa
0117 2063 0558 0377 0665 0580 0566 2064 0559 0653 0341 0432 0567 0504 0566 0428 0549 0483 0675 0489 B aaaaaaaaaaaaaaaaaaaaaaaa
0118 2063 0558 0377 0664 0580 0566 2064 0559 0653 0341 0432 0567 0505 0566 0428 0549 0484 0674 0489 B aaaaaaaaaaaaaaaaaaaaaaaa
0119 2063 0559 0377 0664 0580 0566 2064 0559 0652 0341 0432 0567 0505 0566 0428 0549 0484 0674 0489 B aaaaaaaaaaaaaaaaaaaaaaaa
0120 2063 0559 0377 0664 0579 0567 2064 0560 0652 0342 0432 0568 0505 0566 0429 0549 0484 0674 0489 B aaaaaaaaaaaaaaaaaaaaaaaa
0121 2063 0559 0377 0664 0579 0567 2064 0560 0652 0342 0432 0568 0505 0566 0429 0549 0484 0674 0489 B aaaaaaaaaaaaaaaaaaaaaaaa
0122 2063 0559 0377 0664 0579 0567 2064 0560 0652 0342 0432 0568 0505 0566 0429 0549 0484 0674 0489 B aaaaaaaaaaaaaaaaaaaaaaaa
0123 2063 0559 0377 0664 0579 0567 2064 0560 0652 0342 0432 0568 0505 0566 0429 0549 0484 0674 0489 B aaaaaaaaaaaaaaaaaaaaaaaa
0124 2063 0559 0378 0664 0579 0567 2064 0560 0652 0342 0432 0568 0505 0566 0429 0549 0484 0674 0489 B aaaaaaaaaaaaaaaaaaaaaaaa
0125 2063 0559 0378 0664 0579 0567 2064 0560 0652 0342 0432 0568 0505 0566 0429 0549 0484 0674 0489 B aaaaaaaaaaaaaaaaaaaaaaaa
0126 2063 0559 0378 0664 0579 0567 2064 0560 0652 0342 0432 0568 0505 0566 0429 0549 0484 0674 0489 B aaaaaaaaaaaaaaaaaaaaaaaa
0127 2063 0559 0378 0664 0579 0567 2064 0560 0652 0342 0432 0568 0505 0566 0429 0549 0484 0674 0489 B aaaaaaaaaaaaaaaaaaaaaaaa
0128 2063 0559 0378 0664 0579 0567 2064 0560 0652 0342 0432 0568 0505 0566 0429 0549 0484 0674 0489 B aaaaaaaaaaaaaaaaaaaaaaaa
0129 2063 0559 0377 0664 0579 0567 2064 0560 0652 0342 0432 0568 0505 0566 0429 0549 0484 0674 0489 L aaaaaaaaaaaaaaaaaaaaaaaa
0130 2063 0559 0377 0664 0579 0567 2064 0560 0652 0342 0432 0568 0505 0566 0429 0549 0484 0674 0489 L aaaaaaaaaaaaaaaaaaaaaaaa
0131 2063 0559 0377 0664 0579 0567 2064 0560 0652 0342 0432 0568 0505 0566 0429 0549 0484 0675 0490 L aaaaaaaaaaaaaaaaaaaaaaaa
0132 2063 0559 0376 0665 0579 0567 2064 0560 0652 0342 0432 0568 0505 0566 0429 0549 0484 0675 0490 L aaaaaaaaaaaaaaaaaaaaaaaa
0133 2063 0559 0376 0665 0579 0567 2064 0560 0653 0342 0432 0568 0505 0566 0429 0549 0484 0675 0490 L aaaaaaaaaaaaaaaaaaaaaaaa
0134 2063 0559 0375 0666 0579 0567 2064 0560 0653 0341 0432 0568 0505 0566 0429 0549 0484 0675 0490 L aaaaaaaaaaaaaaaaaaaaaaaa
0135 2063 0559 0374 0667 0579 0567 2064 0560 0653 0341 0432 0568 0505 0566 0429 0549 0484 0676 0490 L aaaaaaaaaaaaaaaaaaaaaaaa
0136 2063 0559 0373 0667 0579 0567 2064 0560 0653 0341 0432 0568 0505 0566 0429 0549 0484 0676 0490 L aaaaaaaaaaaaaaaaaaaaaaaa
0137 2063 0559 0372 0668 0578 0567 2064 0560 0654 0340 0432 0568 0505 0566 0428 0549 0484 0677 0490 L aaaaaaaaaaaaaaaaaaaaaaaa
0138 2063 0559 0371 0669 0578 0567 2064 0560 0654 0340 0432 0568 0505 0566 0428 0550 0484 0677 0490 L aaaaaaaaaaaaaaaaaaaaaaaa
0139 2063 0559 0370 0670 0578 0567 2064 0559 0654 0340 0432 0568 0505 0566 0428 0550 0484 0678 0490 L aaaaaaaaaaaaaaaaaaaaaaaa
0140 2063 0559 0368 0672 0578 0567 2064 0559 0655 0339 0432 0568 0505 0566 0428 0550 0484 0679 0490 L aaaaaaaaaaaaaaaaaaaaaaaa
0141 2064 0559 0367 0673 0577 0567 2064 0559 0655 0339 0432 0568 0505 0566 0428 0550 0484 0679 0490 L aaaaaaaaaaaaaaaaaaaaaaaa
0142 2064 0559 0365 0674 0577 0567 2064 0559 0656 0338 0432 0568 0505 0566 0428 0550 0484 0680 0490 L aaaaaaaaaaaaaaaaaaaaaaaa
0143 2064 0558 0363 0675 0577 0567 2064 0559 0656 0338 0432 0568 0505 0566 0427 0550 0484 0681 0490 L aaaaaaaaaaaaaaaaaaaaaaaa
0144 2064 0558 0361 0677 0576 0568 2064 0559 0657 0337 0432 0568 0505 0566 0427 0550 0484 0682 0490 L aaaaaaaaaaaaaaaaaaaaaaaa
0145 2064 0558 0359 0678 0576 0568 2064 0558 0657 0336 0432 0568 0505 0566 0427 0550 0484 0682 0490 L aaaaaaaaaaaaaaaaaaaaaaaa
0146 2064 0558 0357 0680 0575 0568 2064 0558 0658 0336 0432 0568 0505 0566 0427 0550 0483 0683 0491 L aaaaaaaaaaaaaaaaaaaaaaaa
0147 2064 0558 0355 0681 0575 0568 2064 0558 0659 0335 0432 0568 0505 0566 0426 0550 0483 0684 0491 L aaaaaaaaaaaaaaaaaaaaaaaa
0148 2064 0558 0353 0683 0574 0568 2064 0558 0659 0334 0431 0568 0505 0566 0426 0550 0483 0685 0491 L aaaaaaaaaaaaaaaaaaaaaaaa
0149 2064 0558 0351 0684 0573 0568 2064 0558 0660 0334 0431 0568 0505 0566 0426 0550 0483 0686 0491 L aaaaaaaaaaaaaaaaaaaaaaaa
0150 2064 0558 0348 0686 0572 0568 2064 0557 0661 0333 0431 0568 0505 0566 0425 0551 0483 0688 0491 L aaaaaaaaaaaaaaaaaaaaaaaa
0151 2064 0558 0346 0687 0572 0568 2064 0557 0662 0332 0431 0568 0505 0566 0425 0551 0483 0689 0491 L aaaaaaaaaaaaaaaaaaaaaaaa
0152 2064 0557 0343 0689 0571 0568 2064 0557 0662 0331 0431 0568 0505 0566 0425 0551 0483 0690 0491 L aaaaaaaaaaaaaaaaaaaaaaaa
0153 2064 0557 0341 0690 0570 0568 2064 0557 0663 0330 0431 0568 0505 0566 0424 0551 0483 0691 0491 L aaaaaaaaaaaaaaaaaaaaaaaa
0154 2065 0557 0338 0692 0568 0568 2064 0556 0664 0329 0431 0568 0505 0566 0424 0551 0482 0692 0491 L aaaaaaaaaaaaaaaaaaaaaaaa
0155 2065 0557 0335 0693 0567 0569 2064 0556 0665 0328 0431 0568 0505 0566 0423 0551 0482 0694 0492 L aaaaaaaaaaaaaaaaaaaaaaaa
0156 2065 0557 0333 0695 0566 0569 2064 0556 0666 0327 0431 0568 0505 0566 0423 0551 0482 0695 0492 L aaaaaaaaaaaaaaaaaaaaaaaa
0157 2065 0557 0330 0696 0564 0569 2064 0555 0667 0326 0431 0568 0505 0565 0423 0551 0482 0696 0492 L aaaaaaaaaaaaaaaaaaaaaaaa
0158 2065 0557 0327 0698 0563 0569 2063 0555 0668 0325 0431 0568 0505 0565 0422 0552 0482 0698 0492 L aaaaaaaaaaaaaaaaaaaaaaaa
0159 2065 0556 0324 0699 0561 0569 2063 0555 0669 0324 0431 0568 0505 0565 0422 0552 0482 0699 0492 L aaaaaaaaaaaaaaaaaaaaaaaa
0160 2065 0556 0321 0700 0560 0569 2063 0555 0669 0323 0431 0567 0506 0565 0421 0552 0481 0700 0492 L aaaaaaaaaaaaaaaaaaaaaaaa
0161 2065 0556 0319 0701 0558 0569 2063 0554 0670 0322 0431 0567 0506 0565 0421 0552 0481 0702 0492 L aaaaaaaaaaaaaaaaaaaaaaaa
0162 2065 0556 0316 0702 0556 0570 2063 0554 0671 0321 0430 0567 0506 0565 0420 0552 0481 0703 0492 L aaaaaaaaaaaaaaaaaaaaaaaa
0163 2065 0556 0314 0703 0555 0570 2063 0554 0672 0321 0430 0567 0506 0565 0420 0552 0481 0704 0493 L aaaaaaaaaaaaaaaaaaaaaaaa
0164 2065 0556 0311 0703 0553 0570 2063 0553 0673 0320 0430 0567 0506 0565 0419 0552 0481 0706 0493 L aaaaaaaaaaaaaaaaaaaaaaaa
0165 2065 0556 0309 0704 0551 0570 2062 0553 0674 0319 0430 0567 0506 0565 0419 0552 0480 0707 0493 L aaaaaaaaaaaaaaaaaaaaaaaa
0166 2065 0556 0307 0705 0550 0570 2062 0553 0675 0318 0430 0567 0506 0565 0419 0553 0480 0708 0493 L aaaaaaaaaaaaaaaaaaaaaaaa
0167 2065 0555 0304 0705 0548 0570 2062 0553 0675 0317 0430 0567 0506 0565 0418 0553 0480 0709 0493 L aaaaaaaaaaaaaaaaaaaaaaaa
0168 2065 0555 0302 0705 0546 0570 2062 0552 0676 0316 0430 0567 0506 0565 0418 0553 0480 0710 0493 L aaaaaaaaaaaaaaaaaaaaaaaa
0169 2064 0555 0301 0706 0545 0570 2062 0552 0677 0316 0430 0567 0506 0565 0417 0553 0480 0711 0493 L aaaaaaaaaaaaaaaaaaaaaaaa
0170 2064 0555 0299 0706 0543 0571 2062 0552 0677 0315 0430 0567 0506 0565 0417 0553 0480 0712 0493 L aaaaaaaaaaaaaaaaaaaaaaaa
0171 2064 0555 0297 0706 0542 0571 2061 0552 0678 0314 0430 0567 0506 0565 0417 0553 0480 0713 0493 L aaaaaaaaaaaaaaaaaaaaaaaa
0172 2064 0555 0296 0706 0540 0571 2061 0552 0679 0314 0430 0567 0506 0565 0417 0553 0479 0714 0493 L aaaaaaaaaaaaaaaaaaaaaaaa
0173 2064 0555 0294 0706 0539 0571 2061 0551 0679 0313 0430 0567 0506 0565 0416 0553 0479 0714 0494 L aaaaaaaaaaaaaaaaaaaaaaaa
0174 2064 0555 0293 0706 0537 0571 2061 0551 0680 0313 0430 0567 0506 0565 0416 0553 0479 0715 0494 L aaaaaaaaaaaaaaaaaaaaaaaa
0175 2064 0555 0292 0706 0536 0571 2061 0551 0680 0312 0430 0567 0506 0565 0416 0553 0479 0716 0494 L aaaaaaaaaaaaaaaaaaaaaaaa
0176 2064 0555 0290 0706 0535 0571 2061 0551 0681 0312 0430 0567 0506 0565 0415 0553 0479 0717 0494 L aaaaaaaaaaaaaaaaaaaaaaaa
0177 2064 0555 0289 0706 0534 0571 2060 0551 0681 0311 0430 0567 0506 0564 0415 0553 0479 0717 0494 L aaaaaaaaaaaaaaaaaaaaaaaa
0178 2064 0555 0288 0706 0533 0571 2060 0551 0681 0311 0430 0567 0506 0564 0415 0553 0479 0718 0494 L aaaaaaaaaaaaaaaaaaaaaaaa
0179 2064 0555 0287 0706 0532 0571 2060 0550 0682 0310 0430 0567 0506 0564 0415 0553 0479 0718 0494 L aaaaaaaaaaaaaaaaaaaaaaaa
0180 2064 0555 0286 0706 0531 0571 2060 0550 0682 0310 0430 0567 0506 0564 0415 0553 0479 0719 0494 L aaaaaaaaaaaaaaaaaaaaaaaa
0181 2064 0555 0286 0705 0530 0572 2060 0550 0682 0310 0430 0567 0507 0564 0415 0553 0479 0719 0494 L aaaaaaaaaaaaaaaaaaaaaaaa
0182 2064 0555 0285 0705 0529 0572 2060 0550 0683 0309 0430 0567 0507 0564 0414 0554 0479 0719 0494 L aaaaaaaaaaaaaaaaaaaaaaaa
0183 2064 0555 0284 0705 0528 0572 2060 0550 0683 0309 0430 0567 0507 0564 0414 0554 0479 0720 0494 L aaaaaaaaaaaaaaaaaaaaaaaa
0184 2064 0554 0284 0705 0528 0572 2060 0550 0683 0309 0430 0567 0507 0564 0414 0554 0478 0720 0494 L aaaaaaaaaaaaaaaaaaaaaaaa
0185 2064 0554 0283 0705 0527 0572 2060 0550 0683 0309 0430 0567 0507 0564 0414 0554 0478 0720 0494 L aaaaaaaaaaaaaaaaaaaaaaaa
0186 2064 0554 0283 0705 0527 0572 2060 0550 0684 0309 0430 0567 0507 0564 0414 0554 0478 0721 0494 L aaaaaaaaaaaaaaaaaaaaaaaa
0187 2064 0554 0283 0705 0526 0572 2060 0550 0684 0308 0430 0567 0507 0564 0414 0554 0478 0721 0494 L aaaaaaaaaaaaaaaaaaaaaaaa
0188 2064 0554 0282 0705 0526 0572 2060 0550 0684 0308 0430 0567 0507 0564 0414 0554 0478 0721 0494 L aaaaaaaaaaaaaaaaaaaaaaaa
0189 2064 0554 0282 0705 0526 0572 2059 0550 0684 0308 0430 0567 0507 0564 0414 0554 0478 0721 0494 L aaaaaaaaaaaaaaaaaaaaaaaa
0190 2064 0554 0282 0705 0525 0572 2059 0550 0684 0308 0430 0567 0507 0564 0414 0554 0478 0721 0494 L aaaaaaaaaaaaaaaaaaaaaaaa
0191 2064 0554 0282 0705 0525 0572 2059 0550 0684 0308 0430 0567 0507 0564 0414 0554 0478 0721 0494 L aaaaaaaaaaaaaaaaaaaaaaaa
0192 2064 0554 0282 0705 0525 0572 2059 0550 0684 0308 0430 0567 0507 0564 0414 0554 0478 0721 0494 L aaaaaaaaaaaaaaaaaaaaaaaa
0193 2064 0554 0282 0704 0525 0572 2060 0550 0684 0308 0430 0567 0507 0564 0414 0554 0478 0721 0494 L aaaaaaaaaaaaaaaaaaaaaaaa
0194 2064 0554 0283 0704 0525 0572 2060 0550 0684 0308 0430 0567 0507 0564 0414 0554 0478 0721 0494 L aaaaaaaaaaaaaaaaaaaaaaaa
0195 2064 0554 0283 0703 0525 0572 2060 0550 0684 0309 0430 0567 0507 0564 0414 0553 0478 0720 0494 L aaaaaaaaaaaaaaaaaaaaaaaa
0196 2065 0554 0284 0701 0524 0572 2061 0550 0683 0309 0430 0567 0507 0564 0414 0553 0479 0720 0494 L aaaaaaaaaaaaaaaaaaaaaaaa
0197 2065 0555 0285 0700 0524 0572 2061 0550 0683 0310 0431 0567 0507 0564 0414 0553 0479 0719 0494 L aaaaaaaaaaaaaaaaaaaaaaaa
0198 2066 0555 0287 0698 0523 0571 2062 0550 0683 0311 0431 0567 0507 0565 0415 0553 0479 0718 0493 L aaaaaaaaaaaaaaaaaaaaaaaa
0199 2066 0555 0288 0695 0522 0571 2063 0551 0682 0312 0431 0567 0507 0565 0415 0552 0479 0717 0493 L aaaaaaaaaaaaaaaaaaaaaaaa
0200 2067 0555 0290 0692 0521 0571 2063 0551 0682 0313 0432 0567 0507 0565 0415 0552 0479 0716 0493 L aaaaaaaaaaaaaaaaaaaaaaaa
0201 2068 0555 0292 0689 0520 0571 2064 0551 0681 0314 0432 0567 0507 0565 0415 0551 0480 0715 0493 L aaaaaaaaaaaaaaaaaaaaaaaa
0202 2069 0555 0295 0685 0519 0571 2066 0552 0680 0315 0433 0567 0507 0565 0416 0551 0480 0713 0492 L aaaaaaaaaaaaaaaaaaaaaaaa
0203 2070 0555 0297 0681 0517 0570 2067 0552 0680 0316 0434 0567 0508 0565 0416 0550 0480 0712 0492 L aaaaaaaaaaaaaaaaaaaaaaaa
0204 2071 0555 0300 0677 0515 0570 2068 0552 0679 0318 0434 0567 0508 0565 0416 0549 0480 0710 0492 L aaaaaaaaaaaaaaaaaaaaaaaa
0205 2072 0555 0303 0672 0513 0570 2070 0553 0678 0320 0435 0567 0508 0565 0417 0548 0481 0708 0491 L aaaaaaaaaaaaaaaaaaaaaaaa
0206 2074 0556 0307 0666 0511 0570 2072 0553 0677 0322 0436 0567 0508 0566 0417 0548 0481 0705 0491 L aaaaaaaaaaaaaaaaaaaaaaaa
0207 2075 0556 0310 0660 0509 0569 2074 0554 0676 0324 0437 0567 0508 0566 0417 0547 0482 0703 0490 L aaaaaaaaaaaaaaaaaaaaaaaa
0208 2077 0556 0314 0654 0507 0569 2076 0555 0675 0326 0438 0568 0508 0566 0418 0546 0482 0701 0490 L aaaaaaaaaaaaaaaaaaaaaaaa
0209 2079 0556 0318 0648 0504 0569 2078 0555 0674 0328 0439 0568 0508 0566 0418 0545 0482 0699 0489 L aaaaaaaaaaaaaaaaaaaaaaaa
0210 2082 0557 0322 0641 0502 0569 2081 0556 0673 0330 0440 0568 0508 0567 0418 0544 0483 0696 0489 L aaaaaaaaaaaaaaaaaaaaaaaa
0211 2084 0557 0326 0635 0499 0568 2083 0556 0672 0332 0441 0568 0508 0567 0418 0543 0483 0694 0488 L aaaaaaaaaaaaaaaaaaaaaaaa
0212 2087 0557 0330 0629 0497 0568 2086 0557 0671 0334 0442 0568 0508 0567 0418 0542 0484 0692 0487 L aaaaaaaaaaaaaaaaaaaaaaaa
0213 2089 0557 0333 0623 0495 0568 2089 0557 0670 0336 0443 0568 0507 0567 0418 0541 0484 0690 0487 L aaaaaaaaaaaaaaaaaaaaaaaa
0214 2092 0558 0336 0617 0493 0568 2092 0558 0669 0337 0444 0568 0507 0568 0418 0540 0484 0688 0486 L aaaaaaaaaaaaaaaaaaaaaaaa
0215 2094 0558 0339 0612 0491 0568 2094 0558 0668 0339 0445 0568 0507 0568 0418 0540 0485 0686 0485 L aaaaaaaaaaaaaaaaaaaaaaaa
0216 2097 0558 0342 0608 0489 0568 2097 0558 0668 0341 0445 0568 0507 0568 0418 0539 0485 0684 0485 L aaaaaaaaaaaaaaaaaaaaaaaa
0217 2100 0559 0345 0604 0487 0568 2100 0559 0667 0342 0446 0568 0506 0568 0418 0538 0485 0683 0484 L aaaaaaaaaaaaaaaaaaaaaaaa
0218 2102 0559 0347 0600 0486 0568 2102 0559 0666 0343 0447 0568 0506 0568 0417 0538 0486 0681 0483 L aaaaaaaaaaaaaaaaaaaaaaaa
0219 2104 0559 0349 0597 0484 0568 2105 0560 0666 0344 0447 0568 0506 0569 0417 0537 0486 0680 0483 L aaaaaaaaaaaaaaaaaaaaaaaa
0220 2106 0559 0350 0594 0483 0568 2106 0560 0666 0345 0448 0568 0505 0569 0417 0537 0486 0679 0483 L aaaaaaaaaaaaaaaaaaaaaaaa
0221 2107 0559 0351 0592 0483 0568 2108 0560 0665 0346 0448 0568 0505 0569 0417 0537 0486 0678 0482 L aaaaaaaaaaaaaaaaaaaaaaaa
0222 2108 0560 0352 0591 0482 0568 2109 0560 0665 0347 0449 0568 0505 0569 0416 0536 0487 0678 0482 L aaaaaaaaaaaaaaaaaaaaaaaa
0223 2109 0560 0353 0590 0482 0568 2109 0560 0665 0347 0449 0568 0505 0569 0416 0536 0487 0678 0482 L aaaaaaaaaaaaaaaaaaaaaaaa
0224 2108 0560 0353 0590 0482 0568 2109 0560 0665 0347 0449 0568 0505 0569 0416 0536 0487 0677 0482 L aaaaaaaaaaaaaaaaaaaaaaaa
