0650->krok do przodu 4cm.  t=6saaaaaaaaaaaaaaaaaaaaaaaaaaaaaaa
0001 2048 0512 0345 0740 0617 0512 2048 0512 0679 0284 0407 0512 0497 0578 0230 0527 0446 0794 0785 B aaaaaaaaaaaaaaaaaaaaaaaa
0002 2048 0512 0345 0740 0617 0512 2048 0512 0679 0284 0407 0512 0497 0578 0230 0527 0446 0794 0785 B aaaaaaaaaaaaaaaaaaaaaaaa
0003 2048 0512 0345 0740 0617 0512 2048 0512 0679 0284 0407 0512 0497 0578 0230 0527 0446 0794 0785 B aaaaaaaaaaaaaaaaaaaaaaaa
0004 2048 0512 0345 0740 0617 0512 2048 0512 0679 0284 0407 0512 0497 0578 0230 0527 0446 0794 0785 B aaaaaaaaaaaaaaaaaaaaaaaa
0005 2048 0512 0345 0740 0617 0512 2048 0512 0679 0284 0407 0512 0497 0578 0230 0526 0446 0794 0785 B aaaaaaaaaaaaaaaaaaaaaaaa
0006 2048 0512 0345 0740 0617 0512 2048 0512 0679 0284 0407 0512 0498 0578 0230 0526 0446 0794 0785 B aaaaaaaaaaaaaaaaaaaaaaaa
0007 2048 0512 0345 0740 0617 0512 2048 0512 0679 0284 0407 0512 0498 0578 0230 0526 0446 0794 0785 B aaaaaaaaaaaaaaaaaaaaaaaa
0008 2048 0512 0345 0740 0617 0512 2048 0512 0679 0284 0407 0512 0498 0578 0230 0526 0446 0794 0785 B aaaaaaaaaaaaaaaaaaaaaaaa
0009 2048 0512 0345 0740 0617 0512 2048 0512 0679 0284 0407 0512 0498 0578 0230 0526 0446 0794 0785 B aaaaaaaaaaaaaaaaaaaaaaaa
0010 2048 0512 0345 0740 0617 0512 2048 0512 0679 0284 0407 0512 0498 0578 0230 0526 0446 0794 0785 B aaaaaaaaaaaaaaaaaaaaaaaa
0011 2048 0512 0345 0740 0617 0512 2048 0512 0679 0284 0407 0512 0498 0578 0230 0526 0446 0794 0785 B aaaaaaaaaaaaaaaaaaaaaaaa
0012 2048 0512 0345 0740 0617 0512 2048 0512 0679 0284 0407 0512 0498 0578 0230 0526 0446 0794 0785 B aaaaaaaaaaaaaaaaaaaaaaaa
0013 2048 0512 0345 0740 0617 0512 2048 0512 0679 0284 0407 0512 0498 0578 0230 0526 0446 0794 0785 B aaaaaaaaaaaaaaaaaaaaaaaa
0014 2048 0512 0345 0740 0617 0512 2048 0512 0679 0284 0407 0512 0498 0578 0230 0526 0446 0794 0785 B aaaaaaaaaaaaaaaaaaaaaaaa
0015 2048 0512 0345 0740 0617 0512 2048 0512 0679 0284 0407 0512 0498 0578 0230 0526 0446 0794 0785 B aaaaaaaaaaaaaaaaaaaaaaaa
0016 2048 0512 0345 0740 0617 0512 2048 0512 0679 0284 0407 0512 0498 0578 0230 0526 0446 0794 0785 B aaaaaaaaaaaaaaaaaaaaaaaa
0017 2048 0512 0345 0740 0617 0512 2048 0512 0679 0284 0407 0512 0498 0578 0230 0526 0446 0794 0785 B aaaaaaaaaaaaaaaaaaaaaaaa
0018 2048 0512 0345 0740 0617 0512 2048 0512 0679 0284 0407 0512 0498 0578 0230 0526 0446 0794 0785 B aaaaaaaaaaaaaaaaaaaaaaaa
0019 2048 0512 0345 0740 0617 0512 2048 0512 0679 0284 0407 0512 0498 0578 0230 0526 0446 0794 0785 B aaaaaaaaaaaaaaaaaaaaaaaa
0020 2048 0512 0345 0740 0617 0512 2048 0512 0679 0284 0407 0512 0498 0578 0230 0526 0446 0794 0785 B aaaaaaaaaaaaaaaaaaaaaaaa
0021 2048 0512 0345 0740 0617 0512 2048 0512 0679 0284 0407 0512 0498 0578 0230 0526 0446 0794 0785 B aaaaaaaaaaaaaaaaaaaaaaaa
0022 2048 0512 0345 0740 0617 0512 2048 0512 0679 0284 0407 0512 0498 0578 0230 0526 0446 0794 0785 B aaaaaaaaaaaaaaaaaaaaaaaa
0023 2048 0512 0345 0740 0617 0512 2048 0512 0679 0284 0407 0512 0498 0578 0230 0526 0446 0794 0785 B aaaaaaaaaaaaaaaaaaaaaaaa
0024 2048 0512 0345 0740 0617 0512 2048 0512 0679 0284 0407 0512 0498 0578 0230 0526 0446 0794 0785 B aaaaaaaaaaaaaaaaaaaaaaaa
0025 2048 0512 0345 0740 0617 0512 2048 0512 0679 0284 0407 0512 0498 0578 0230 0526 0446 0794 0785 B aaaaaaaaaaaaaaaaaaaaaaaa
0026 2048 0512 0345 0740 0617 0512 2048 0512 0679 0284 0407 0512 0498 0578 0230 0526 0446 0794 0785 B aaaaaaaaaaaaaaaaaaaaaaaa
0027 2048 0512 0345 0740 0617 0512 2048 0512 0679 0284 0407 0512 0498 0578 0230 0526 0446 0794 0785 B aaaaaaaaaaaaaaaaaaaaaaaa
0028 2048 0512 0345 0740 0617 0512 2048 0512 0679 0284 0407 0512 0498 0578 0230 0526 0446 0794 0785 B aaaaaaaaaaaaaaaaaaaaaaaa
0029 2048 0512 0345 0740 0617 0512 2048 0512 0679 0284 0407 0512 0498 0578 0230 0526 0446 0794 0785 B aaaaaaaaaaaaaaaaaaaaaaaa
0030 2048 0512 0345 0740 0617 0512 2048 0512 0679 0284 0407 0512 0498 0578 0230 0526 0446 0794 0785 B aaaaaaaaaaaaaaaaaaaaaaaa
0031 2048 0512 0345 0740 0617 0512 2048 0512 0679 0284 0407 0512 0498 0578 0230 0526 0446 0794 0785 B aaaaaaaaaaaaaaaaaaaaaaaa
0032 2048 0512 0345 0740 0617 0512 2048 0512 0679 0284 0407 0512 0498 0578 0230 0526 0446 0794 0785 B aaaaaaaaaaaaaaaaaaaaaaaa
0033 2048 0512 0345 0740 0617 0512 2048 0512 0679 0284 0407 0512 0498 0578 0230 0526 0446 0794 0785 B aaaaaaaaaaaaaaaaaaaaaaaa
0034 2048 0512 0345 0740 0617 0512 2048 0512 0679 0284 0407 0512 0498 0578 0230 0526 0446 0794 0785 B aaaaaaaaaaaaaaaaaaaaaaaa
0035 2048 0512 0345 0740 0617 0512 2048 0512 0679 0284 0407 0512 0498 0578 0230 0526 0446 0794 0785 B aaaaaaaaaaaaaaaaaaaaaaaa
0036 2048 0512 0345 0740 0617 0512 2048 0512 0679 0284 0407 0512 0498 0578 0230 0526 0446 0794 0785 B aaaaaaaaaaaaaaaaaaaaaaaa
0037 2048 0512 0345 0740 0617 0512 2048 0512 0679 0284 0407 0512 0498 0578 0230 0526 0446 0794 0785 B aaaaaaaaaaaaaaaaaaaaaaaa
0038 2048 0512 0345 0740 0617 0512 2048 0512 0679 0284 0407 0512 0498 0578 0230 0526 0446 0794 0785 B aaaaaaaaaaaaaaaaaaaaaaaa
0039 2048 0512 0345 0740 0617 0512 2048 0512 0679 0284 0407 0512 0498 0578 0230 0526 0446 0794 0785 B aaaaaaaaaaaaaaaaaaaaaaaa
0040 2048 0512 0345 0740 0617 0512 2048 0512 0679 0284 0407 0512 0498 0578 0230 0526 0446 0794 0785 B aaaaaaaaaaaaaaaaaaaaaaaa
0041 2048 0512 0345 0740 0617 0512 2048 0512 0679 0284 0407 0512 0498 0578 0230 0526 0446 0794 0785 B aaaaaaaaaaaaaaaaaaaaaaaa
0042 2048 0512 0345 0740 0617 0512 2048 0512 0679 0284 0407 0512 0498 0578 0230 0526 0446 0794 0785 B aaaaaaaaaaaaaaaaaaaaaaaa
0043 2048 0512 0345 0740 0617 0512 2048 0512 0679 0284 0407 0512 0498 0578 0230 0526 0446 0794 0785 B aaaaaaaaaaaaaaaaaaaaaaaa
0044 2048 0512 0345 0740 0617 0512 2048 0512 0679 0284 0407 0512 0498 0578 0230 0526 0446 0794 0785 B aaaaaaaaaaaaaaaaaaaaaaaa
0045 2048 0512 0345 0740 0617 0512 2048 0512 0679 0284 0407 0512 0498 0578 0230 0526 0446 0794 0785 B aaaaaaaaaaaaaaaaaaaaaaaa
0046 2048 0512 0345 0740 0617 0512 2048 0512 0679 0284 0407 0512 0498 0578 0230 0526 0446 0794 0785 B aaaaaaaaaaaaaaaaaaaaaaaa
0047 2048 0512 0345 0740 0617 0512 2048 0512 0679 0284 0407 0512 0498 0578 0230 0526 0446 0794 0785 B aaaaaaaaaaaaaaaaaaaaaaaa
0048 2048 0512 0345 0740 0617 0512 2048 0512 0679 0284 0407 0512 0498 0578 0230 0526 0446 0794 0785 B aaaaaaaaaaaaaaaaaaaaaaaa
0049 2048 0512 0345 0740 0617 0512 2048 0512 0679 0284 0407 0512 0498 0578 0230 0526 0446 0794 0785 B aaaaaaaaaaaaaaaaaaaaaaaa
0050 2048 0512 0345 0740 0617 0512 2048 0512 0679 0284 0407 0512 0498 0578 0230 0526 0446 0794 0785 B aaaaaaaaaaaaaaaaaaaaaaaa
0051 2048 0512 0345 0740 0617 0512 2048 0512 0679 0284 0407 0512 0498 0578 0230 0526 0446 0794 0785 B aaaaaaaaaaaaaaaaaaaaaaaa
0052 2048 0512 0345 0740 0617 0512 2048 0512 0679 0284 0407 0512 0498 0578 0230 0526 0446 0794 0785 B aaaaaaaaaaaaaaaaaaaaaaaa
0053 2048 0512 0345 0740 0617 0512 2048 0512 0679 0284 0407 0512 0498 0578 0230 0526 0446 0794 0785 B aaaaaaaaaaaaaaaaaaaaaaaa
0054 2048 0512 0345 0740 0617 0512 2048 0512 0679 0284 0407 0512 0498 0578 0230 0526 0446 0794 0785 B aaaaaaaaaaaaaaaaaaaaaaaa
0055 2048 0512 0345 0740 0617 0512 2048 0512 0679 0284 0407 0512 0498 0578 0230 0526 0446 0794 0785 B aaaaaaaaaaaaaaaaaaaaaaaa
0056 2048 0512 0345 0740 0617 0512 2048 0512 0679 0284 0407 0512 0498 0578 0230 0526 0446 0794 0785 B aaaaaaaaaaaaaaaaaaaaaaaa
0057 2048 0512 0345 0740 0617 0512 2048 0512 0679 0284 0407 0512 0498 0578 0230 0526 0446 0794 0785 B aaaaaaaaaaaaaaaaaaaaaaaa
0058 2048 0512 0345 0740 0617 0512 2048 0512 0679 0284 0407 0512 0498 0578 0230 0526 0446 0794 0785 B aaaaaaaaaaaaaaaaaaaaaaaa
0059 2048 0512 0345 0740 0617 0512 2048 0512 0679 0284 0407 0512 0498 0578 0230 0526 0446 0794 0785 B aaaaaaaaaaaaaaaaaaaaaaaa
0060 2048 0512 0345 0740 0617 0512 2048 0512 0679 0284 0407 0512 0498 0578 0230 0526 0446 0794 0785 B aaaaaaaaaaaaaaaaaaaaaaaa
0061 2048 0512 0345 0740 0617 0512 2048 0512 0679 0284 0407 0512 0498 0578 0230 0526 0446 0794 0785 B aaaaaaaaaaaaaaaaaaaaaaaa
0062 2048 0512 0345 0740 0617 0512 2048 0512 0679 0284 0407 0512 0498 0578 0230 0526 0446 0794 0785 B aaaaaaaaaaaaaaaaaaaaaaaa
0063 2048 0512 0345 0740 0617 0512 2048 0512 0679 0284 0407 0512 0498 0578 0230 0526 0446 0794 0785 B aaaaaaaaaaaaaaaaaaaaaaaa
0064 2048 0512 0345 0740 0617 0512 2048 0512 0679 0284 0407 0512 0498 0578 0230 0526 0446 0794 0785 B aaaaaaaaaaaaaaaaaaaaaaaa
0065 2048 0512 0345 0740 0617 0512 2048 0512 0679 0284 0407 0512 0498 0578 0230 0526 0446 0794 0785 B aaaaaaaaaaaaaaaaaaaaaaaa
0066 2048 0512 0345 0740 0617 0512 2048 0512 0679 0284 0407 0512 0498 0578 0230 0526 0446 0794 0785 B aaaaaaaaaaaaaaaaaaaaaaaa
0067 2048 0512 0345 0740 0617 0512 2048 0512 0679 0284 0407 0512 0498 0578 0230 0526 0446 0794 0785 B aaaaaaaaaaaaaaaaaaaaaaaa
0068 2048 0512 0345 0740 0617 0512 2048 0512 0679 0284 0407 0512 0498 0578 0230 0526 0446 0794 0785 B aaaaaaaaaaaaaaaaaaaaaaaa
0069 2048 0512 0345 0740 0617 0512 2048 0512 0679 0284 0407 0512 0498 0578 0230 0526 0446 0794 0785 B aaaaaaaaaaaaaaaaaaaaaaaa
0070 2048 0512 0345 0740 0617 0512 2048 0512 0679 0284 0407 0512 0498 0578 0230 0526 0446 0794 0785 B aaaaaaaaaaaaaaaaaaaaaaaa
0071 2048 0512 0345 0740 0617 0512 2048 0512 0679 0284 0407 0512 0498 0578 0230 0526 0446 0794 0785 B aaaaaaaaaaaaaaaaaaaaaaaa
0072 2048 0512 0345 0740 0617 0512 2048 0512 0679 0284 0407 0512 0497 0578 0230 0526 0446 0794 0785 B aaaaaaaaaaaaaaaaaaaaaaaa
0073 2048 0512 0345 0740 0617 0512 2048 0512 0679 0284 0407 0512 0497 0578 0230 0526 0446 0794 0785 B aaaaaaaaaaaaaaaaaaaaaaaa
0074 2048 0512 0345 0740 0617 0512 2048 0512 0679 0284 0407 0512 0497 0578 0230 0526 0446 0794 0785 B aaaaaaaaaaaaaaaaaaaaaaaa
0075 2048 0512 0345 0740 0617 0512 2048 0512 0679 0284 0407 0512 0497 0578 0230 0526 0446 0794 0785 B aaaaaaaaaaaaaaaaaaaaaaaa
0076 2048 0512 0345 0740 0617 0512 2048 0512 0679 0284 0407 0512 0497 0578 0230 0526 0446 0794 0785 B aaaaaaaaaaaaaaaaaaaaaaaa
0077 2048 0512 0345 0740 0617 0512 2048 0512 0679 0284 0407 0512 0497 0578 0230 0526 0446 0794 0785 B aaaaaaaaaaaaaaaaaaaaaaaa
0078 2048 0512 0345 0740 0617 0512 2048 0512 0679 0284 0407 0512 0497 0578 0230 0526 0446 0794 0785 B aaaaaaaaaaaaaaaaaaaaaaaa
0079 2048 0512 0345 0740 0617 0512 2048 0512 0679 0284 0407 0512 0497 0578 0230 0526 0446 0794 0785 B aaaaaaaaaaaaaaaaaaaaaaaa
0080 2048 0512 0345 0740 0617 0512 2048 0512 0679 0284 0407 0512 0497 0578 0230 0526 0446 0794 0785 B aaaaaaaaaaaaaaaaaaaaaaaa
0081 2048 0512 0345 0740 0617 0512 2048 0512 0679 0284 0407 0512 0497 0578 0230 0526 0446 0794 0785 B aaaaaaaaaaaaaaaaaaaaaaaa
0082 2048 0512 0345 0740 0617 0512 2048 0512 0679 0284 0407 0512 0497 0578 0230 0526 0446 0794 0785 B aaaaaaaaaaaaaaaaaaaaaaaa
0083 2048 0512 0345 0740 0617 0512 2048 0512 0679 0284 0407 0512 0497 0578 0230 0526 0446 0794 0785 B aaaaaaaaaaaaaaaaaaaaaaaa
0084 2048 0512 0345 0740 0617 0512 2048 0512 0679 0284 0407 0512 0497 0578 0230 0526 0446 0794 0785 B aaaaaaaaaaaaaaaaaaaaaaaa
0085 2048 0512 0345 0740 0617 0512 2048 0512 0679 0284 0407 0512 0497 0578 0230 0526 0446 0794 0785 B aaaaaaaaaaaaaaaaaaaaaaaa
0086 2048 0512 0345 0740 0617 0512 2048 0512 0679 0284 0407 0512 0497 0578 0230 0526 0446 0794 0785 B aaaaaaaaaaaaaaaaaaaaaaaa
0087 2048 0512 0345 0740 0617 0512 2048 0512 0679 0284 0407 0512 0497 0578 0230 0526 0446 0794 0785 B aaaaaaaaaaaaaaaaaaaaaaaa
0088 2048 0512 0345 0740 0617 0512 2048 0512 0679 0284 0407 0512 0497 0578 0230 0526 0446 0794 0785 B aaaaaaaaaaaaaaaaaaaaaaaa
0089 2048 0512 0345 0740 0617 0512 2048 0512 0679 0284 0407 0512 0497 0578 0230 0526 0446 0794 0785 B aaaaaaaaaaaaaaaaaaaaaaaa
0090 2048 0512 0345 0740 0617 0512 2048 0512 0679 0284 0407 0512 0497 0578 0230 0526 0446 0794 0785 B aaaaaaaaaaaaaaaaaaaaaaaa
0091 2048 0512 0345 0740 0617 0512 2048 0512 0679 0284 0407 0512 0497 0578 0230 0526 0446 0794 0785 B aaaaaaaaaaaaaaaaaaaaaaaa
0092 2048 0512 0345 0740 0617 0512 2048 0512 0679 0284 0407 0512 0497 0578 0230 0526 0445 0794 0785 B aaaaaaaaaaaaaaaaaaaaaaaa
0093 2048 0512 0345 0740 0617 0512 2048 0512 0679 0284 0407 0512 0497 0578 0230 0526 0445 0794 0785 B aaaaaaaaaaaaaaaaaaaaaaaa
0094 2048 0512 0345 0740 0617 0512 2048 0512 0679 0284 0407 0512 0497 0577 0230 0526 0445 0794 0785 B aaaaaaaaaaaaaaaaaaaaaaaa
0095 2048 0512 0345 0740 0617 0512 2048 0512 0679 0284 0407 0512 0497 0577 0230 0526 0445 0794 0785 B aaaaaaaaaaaaaaaaaaaaaaaa
0096 2049 0512 0345 0740 0617 0512 2049 0512 0679 0284 0407 0512 0497 0577 0230 0526 0445 0794 0785 B aaaaaaaaaaaaaaaaaaaaaaaa
0097 2049 0512 0345 0740 0617 0512 2049 0512 0679 0284 0407 0512 0497 0577 0230 0526 0445 0794 0785 B aaaaaaaaaaaaaaaaaaaaaaaa
0098 2049 0512 0345 0740 0617 0512 2049 0512 0679 0284 0407 0512 0497 0577 0230 0526 0445 0794 0785 B aaaaaaaaaaaaaaaaaaaaaaaa
0099 2049 0512 0345 0740 0617 0512 2049 0512 0679 0284 0407 0512 0497 0577 0230 0526 0445 0793 0785 B aaaaaaaaaaaaaaaaaaaaaaaa
0100 2049 0512 0345 0740 0617 0513 2049 0512 0679 0284 0407 0513 0497 0577 0230 0526 0445 0793 0785 B aaaaaaaaaaaaaaaaaaaaaaaa
0101 2049 0512 0345 0740 0617 0513 2049 0512 0679 0284 0407 0513 0497 0577 0230 0526 0445 0793 0785 B aaaaaaaaaaaaaaaaaaaaaaaa
0102 2049 0512 0345 0740 0617 0513 2049 0512 0679 0284 0407 0513 0497 0577 0230 0526 0444 0793 0785 B aaaaaaaaaaaaaaaaaaaaaaaa
0103 2049 0512 0345 0740 0617 0513 2049 0512 0679 0283 0407 0513 0497 0576 0230 0526 0444 0793 0785 B aaaaaaaaaaaaaaaaaaaaaaaa
0104 2049 0512 0345 0740 0617 0513 2049 0512 0679 0283 0407 0513 0497 0576 0230 0526 0444 0793 0786 B aaaaaaaaaaaaaaaaaaaaaaaa
0105 2050 0512 0345 0740 0617 0513 2050 0512 0680 0283 0407 0513 0496 0576 0230 0526 0444 0793 0786 B aaaaaaaaaaaaaaaaaaaaaaaa
0106 2050 0512 0345 0739 0617 0513 2050 0512 0680 0283 0407 0513 0496 0576 0230 0525 0444 0793 0786 B aaaaaaaaaaaaaaaaaaaaaaaa
0107 2050 0512 0345 0739 0617 0513 2050 0512 0680 0283 0406 0513 0496 0575 0229 0525 0443 0793 0786 B aaaaaaaaaaaaaaaaaaaaaaaa
0108 2050 0512 0345 0739 0617 0513 2050 0512 0680 0283 0406 0513 0496 0575 0229 0525 0443 0793 0786 B aaaaaaaaaaaaaaaaaaaaaaaa
0109 2050 0512 0345 0739 0617 0513 2050 0512 0680 0283 0406 0513 0496 0575 0229 0525 0443 0793 0786 B aaaaaaaaaaaaaaaaaaaaaaaa
0110 2051 0512 0346 0739 0617 0514 2051 0512 0680 0283 0406 0514 0496 0575 0229 0525 0442 0793 0786 B aaaaaaaaaaaaaaaaaaaaaaaa
0111 2051 0512 0346 0739 0617 0514 2051 0512 0680 0283 0406 0514 0496 0574 0229 0525 0442 0793 0786 B aaaaaaaaaaaaaaaaaaaaaaaa
0112 2051 0512 0346 0739 0617 0514 2051 0512 0680 0283 0406 0514 0495 0574 0229 0524 0442 0792 0786 B aaaaaaaaaaaaaaaaaaaaaaaa
0113 2052 0512 0346 0739 0617 0514 2052 0512 0680 0283 0406 0514 0495 0573 0229 0524 0441 0792 0786 B aaaaaaaaaaaaaaaaaaaaaaaa
0114 2052 0512 0346 0739 0617 0514 2052 0512 0680 0283 0406 0514 0495 0573 0229 0524 0441 0792 0786 B aaaaaaaaaaaaaaaaaaaaaaaa
0115 2052 0512 0346 0739 0617 0515 2052 0512 0680 0283 0406 0515 0495 0572 0229 0524 0440 0792 0786 B aaaaaaaaaaaaaaaaaaaaaaaa
0116 2053 0513 0346 0738 0617 0515 2053 0513 0680 0282 0406 0515 0495 0572 0229 0524 0440 0792 0787 B aaaaaaaaaaaaaaaaaaaaaaaa
0117 2053 0513 0346 0738 0617 0515 2053 0513 0680 0282 0406 0515 0494 0571 0228 0523 0439 0792 0787 B aaaaaaaaaaaaaaaaaaaaaaaa
0118 2054 0513 0346 0738 0617 0515 2054 0513 0680 0282 0406 0515 0494 0571 0228 0523 0439 0792 0787 B aaaaaaaaaaaaaaaaaaaaaaaa
0119 2054 0513 0346 0738 0617 0516 2054 0513 0681 0282 0406 0516 0494 0570 0228 0523 0438 0791 0787 B aaaaaaaaaaaaaaaaaaaaaaaa
0120 2054 0513 0347 0738 0617 0516 2054 0513 0681 0282 0406 0516 0494 0569 0228 0522 0438 0791 0787 B aaaaaaaaaaaaaaaaaaaaaaaa
0121 2055 0513 0347 0737 0617 0516 2055 0513 0681 0282 0406 0516 0493 0569 0228 0522 0437 0791 0787 B aaaaaaaaaaaaaaaaaaaaaaaa
0122 2056 0513 0347 0737 0616 0517 2056 0513 0681 0281 0406 0517 0493 0568 0228 0521 0436 0791 0788 B aaaaaaaaaaaaaaaaaaaaaaaa
0123 2056 0513 0347 0737 0616 0517 2056 0513 0681 0281 0406 0517 0493 0567 0228 0521 0436 0790 0788 B aaaaaaaaaaaaaaaaaaaaaaaa
0124 2057 0513 0347 0737 0616 0517 2057 0513 0681 0281 0406 0518 0492 0566 0227 0521 0435 0790 0788 B aaaaaaaaaaaaaaaaaaaaaaaa
0125 2057 0513 0347 0736 0616 0518 2057 0513 0681 0281 0406 0518 0492 0565 0227 0520 0434 0790 0788 B aaaaaaaaaaaaaaaaaaaaaaaa
0126 2058 0513 0348 0736 0616 0518 2058 0513 0681 0281 0406 0518 0492 0565 0227 0520 0433 0789 0788 B aaaaaaaaaaaaaaaaaaaaaaaa
0127 2059 0513 0348 0736 0616 0519 2059 0513 0682 0281 0406 0519 0491 0564 0227 0519 0432 0789 0789 B aaaaaaaaaaaaaaaaaaaaaaaa
0128 2059 0513 0348 0736 0616 0519 2060 0513 0682 0280 0406 0519 0491 0563 0227 0519 0431 0789 0789 B aaaaaaaaaaaaaaaaaaaaaaaa
0129 2060 0513 0348 0735 0616 0520 2060 0514 0682 0280 0406 0520 0491 0561 0227 0518 0430 0788 0789 B aaaaaaaaaaaaaaaaaaaaaaaa
0130 2061 0514 0349 0735 0616 0520 2061 0514 0682 0280 0406 0520 0490 0560 0226 0517 0429 0788 0789 B aaaaaaaaaaaaaaaaaaaaaaaa
0131 2062 0514 0349 0734 0616 0521 2062 0514 0682 0280 0406 0521 0490 0559 0226 0517 0428 0787 0790 B aaaaaaaaaaaaaaaaaaaaaaaa
0132 2063 0514 0349 0734 0615 0521 2063 0514 0682 0280 0406 0521 0490 0558 0226 0516 0427 0787 0790 B aaaaaaaaaaaaaaaaaaaaaaaa
0133 2063 0514 0349 0734 0615 0522 2064 0514 0682 0279 0406 0522 0489 0557 0226 0515 0426 0786 0790 B aaaaaaaaaaaaaaaaaaaaaaaa
0134 2064 0514 0350 0733 0615 0522 2064 0514 0683 0279 0405 0523 0489 0555 0226 0515 0425 0786 0790 B aaaaaaaaaaaaaaaaaaaaaaaa
0135 2065 0514 0350 0733 0615 0523 2065 0514 0683 0279 0405 0523 0488 0554 0226 0514 0424 0785 0791 B aaaaaaaaaaaaaaaaaaaaaaaa
0136 2066 0514 0350 0732 0615 0524 2066 0514 0683 0279 0405 0524 0488 0553 0226 0513 0423 0785 0791 B aaaaaaaaaaaaaaaaaaaaaaaa
0137 2067 0514 0351 0732 0615 0524 2067 0515 0683 0278 0405 0524 0488 0551 0225 0512 0422 0784 0791 B aaaaaaaaaaaaaaaaaaaaaaaa
0138 2068 0514 0351 0731 0614 0525 2068 0515 0683 0278 0405 0525 0487 0550 0225 0511 0421 0784 0792 B aaaaaaaaaaaaaaaaaaaaaaaa
0139 2069 0515 0351 0731 0614 0526 2069 0515 0683 0278 0405 0526 0487 0548 0225 0511 0419 0783 0792 B aaaaaaaaaaaaaaaaaaaaaaaa
0140 2070 0515 0352 0730 0614 0526 2070 0515 0683 0278 0405 0526 0487 0547 0225 0510 0418 0782 0792 B aaaaaaaaaaaaaaaaaaaaaaaa
0141 2071 0515 0352 0730 0614 0527 2071 0515 0684 0278 0405 0527 0486 0545 0225 0509 0417 0781 0793 B aaaaaaaaaaaaaaaaaaaaaaaa
0142 2072 0515 0353 0729 0614 0528 2072 0515 0684 0277 0405 0528 0486 0543 0225 0508 0416 0781 0793 B aaaaaaaaaaaaaaaaaaaaaaaa
0143 2073 0515 0353 0728 0613 0528 2073 0515 0684 0277 0405 0529 0486 0542 0225 0507 0414 0780 0793 B aaaaaaaaaaaaaaaaaaaaaaaa
0144 2074 0515 0354 0728 0613 0529 2074 0516 0684 0277 0405 0529 0485 0540 0225 0506 0413 0779 0794 B aaaaaaaaaaaaaaaaaaaaaaaa
0145 2075 0515 0354 0727 0613 0530 2075 0516 0684 0277 0405 0530 0485 0538 0225 0505 0412 0778 0794 B aaaaaaaaaaaaaaaaaaaaaaaa
0146 2076 0516 0354 0726 0613 0530 2076 0516 0684 0277 0405 0531 0485 0537 0225 0504 0410 0778 0794 B aaaaaaaaaaaaaaaaaaaaaaaa
0147 2077 0516 0355 0726 0612 0531 2077 0516 0684 0277 0405 0532 0484 0535 0225 0503 0409 0777 0795 B aaaaaaaaaaaaaaaaaaaaaaaa
0148 2078 0516 0355 0725 0612 0532 2078 0516 0684 0276 0405 0532 0484 0533 0225 0502 0408 0776 0795 B aaaaaaaaaaaaaaaaaaaaaaaa
0149 2079 0516 0356 0724 0612 0533 2079 0516 0685 0276 0405 0533 0484 0531 0225 0501 0406 0775 0795 B aaaaaaaaaaaaaaaaaaaaaaaa
0150 2080 0516 0356 0723 0612 0533 2080 0517 0685 0276 0405 0534 0484 0529 0226 0500 0405 0774 0795 B aaaaaaaaaaaaaaaaaaaaaaaa
0151 2081 0516 0357 0723 0611 0534 2081 0517 0685 0276 0405 0535 0484 0527 0226 0499 0404 0773 0796 L aaaaaaaaaaaaaaaaaaaaaaaa
0152 2082 0516 0357 0722 0611 0535 2082 0517 0685 0276 0405 0535 0483 0526 0226 0498 0402 0773 0796 L aaaaaaaaaaaaaaaaaaaaaaaa
0153 2083 0516 0357 0722 0611 0536 2083 0517 0685 0275 0405 0536 0483 0524 0226 0496 0401 0772 0796 L aaaaaaaaaaaaaaaaaaaaaaaa
0154 2083 0516 0357 0723 0611 0536 2084 0517 0685 0275 0405 0537 0483 0522 0226 0495 0400 0771 0797 L aaaaaaaaaaaaaaaaaaaaaaaa
0155 2084 0516 0357 0723 0612 0537 2085 0517 0686 0275 0405 0537 0483 0520 0226 0494 0399 0771 0797 L aaaaaaaaaaaaaaaaaaaaaaaa
0156 2085 0516 0357 0724 0612 0538 2085 0517 0686 0274 0404 0538 0483 0519 0227 0493 0397 0770 0798 L aaaaaaaaaaaaaaaaaaaaaaaa
0157 2086 0516 0356 0725 0613 0538 2086 0516 0686 0273 0404 0539 0483 0517 0227 0491 0396 0770 0798 L aaaaaaaaaaaaaaaaaaaaaaaa
0158 2086 0516 0355 0726 0613 0539 2087 0516 0687 0273 0404 0539 0482 0515 0227 0490 0395 0769 0798 L aaaaaaaaaaaaaaaaaaaaaaaa
0159 2087 0516 0355 0728 0614 0540 2087 0516 0687 0272 0404 0540 0482 0513 0228 0488 0393 0769 0799 L aaaaaaaaaaaaaaaaaaaaaaaa
0160 2088 0515 0354 0729 0615 0540 2088 0516 0688 0271 0404 0541 0482 0512 0228 0487 0392 0769 0799 L aaaaaaaaaaaaaaaaaaaaaaaa
0161 2088 0515 0353 0731 0615 0541 2089 0515 0688 0271 0403 0541 0482 0510 0228 0485 0391 0768 0800 L aaaaaaaaaaaaaaaaaaaaaaaa
0162 2089 0515 0352 0733 0616 0542 2089 0515 0689 0270 0403 0542 0482 0509 0229 0484 0390 0768 0800 L aaaaaaaaaaaaaaaaaaaaaaaa
0163 2090 0515 0350 0735 0617 0542 2090 0515 0689 0269 0403 0542 0482 0507 0229 0482 0388 0768 0800 L aaaaaaaaaaaaaaaaaaaaaaaa
0164 2090 0514 0349 0738 0618 0543 2090 0514 0690 0268 0403 0543 0482 0505 0229 0481 0387 0768 0801 L aaaaaaaaaaaaaaaaaaaaaaaa
0165 2091 0514 0348 0740 0619 0544 2091 0514 0690 0267 0402 0543 0482 0504 0230 0479 0386 0768 0801 L aaaaaaaaaaaaaaaaaaaaaaaa
0166 2091 0514 0346 0743 0620 0544 2091 0513 0691 0266 0402 0544 0483 0502 0230 0477 0385 0768 0801 L aaaaaaaaaaaaaaaaaaaaaaaa
0167 2092 0513 0344 0745 0621 0545 2092 0513 0692 0265 0402 0544 0483 0501 0231 0476 0384 0768 0801 L aaaaaaaaaaaaaaaaaaaaaaaa
0168 2093 0513 0343 0748 0622 0546 2092 0512 0692 0264 0402 0545 0483 0500 0231 0474 0383 0768 0802 L aaaaaaaaaaaaaaaaaaaaaaaa
0169 2093 0513 0341 0751 0623 0546 2093 0512 0693 0263 0401 0545 0483 0498 0232 0472 0382 0767 0802 L aaaaaaaaaaaaaaaaaaaaaaaa
0170 2094 0512 0339 0753 0623 0547 2093 0511 0694 0262 0401 0546 0483 0497 0232 0471 0381 0767 0802 L aaaaaaaaaaaaaaaaaaaaaaaa
0171 2094 0512 0337 0756 0624 0547 2093 0511 0694 0261 0401 0546 0484 0496 0233 0469 0380 0767 0802 L aaaaaaaaaaaaaaaaaaaaaaaa
0172 2095 0512 0335 0759 0625 0548 2094 0510 0695 0260 0401 0546 0484 0494 0233 0467 0379 0767 0802 L aaaaaaaaaaaaaaaaaaaaaaaa
0173 2095 0511 0333 0762 0626 0549 2094 0510 0696 0259 0400 0547 0484 0493 0234 0465 0378 0767 0802 L aaaaaaaaaaaaaaaaaaaaaaaa
0174 2096 0511 0331 0765 0627 0549 2095 0509 0696 0258 0400 0547 0485 0492 0234 0464 0377 0767 0802 L aaaaaaaaaaaaaaaaaaaaaaaa
0175 2097 0511 0329 0768 0627 0550 2095 0509 0697 0257 0400 0547 0485 0491 0235 0462 0376 0767 0802 L aaaaaaaaaaaaaaaaaaaaaaaa
0176 2097 0510 0327 0771 0628 0550 2095 0508 0698 0256 0400 0548 0486 0489 0235 0460 0375 0767 0802 L aaaaaaaaaaaaaaaaaaaaaaaa
0177 2098 0510 0325 0774 0629 0551 2096 0508 0699 0255 0400 0548 0486 0488 0236 0459 0375 0767 0802 L aaaaaaaaaaaaaaaaaaaaaaaa
0178 2098 0510 0323 0776 0629 0551 2096 0507 0699 0254 0400 0548 0487 0487 0236 0457 0374 0767 0801 L aaaaaaaaaaaaaaaaaaaaaaaa
0179 2099 0510 0321 0779 0630 0552 2096 0506 0700 0254 0399 0549 0487 0486 0237 0455 0373 0767 0801 L aaaaaaaaaaaaaaaaaaaaaaaa
0180 2099 0509 0318 0782 0630 0552 2097 0506 0701 0253 0399 0549 0488 0485 0237 0454 0372 0767 0801 L aaaaaaaaaaaaaaaaaaaaaaaa
0181 2100 0509 0316 0784 0630 0553 2097 0505 0701 0252 0399 0549 0489 0484 0238 0452 0372 0767 0801 L aaaaaaaaaaaaaaaaaaaaaaaa
0182 2100 0509 0314 0787 0631 0553 2097 0505 0702 0251 0399 0549 0489 0483 0239 0450 0371 0767 0800 L aaaaaaaaaaaaaaaaaaaaaaaa
0183 2101 0509 0312 0789 0631 0554 2098 0504 0703 0250 0399 0549 0490 0482 0239 0449 0370 0767 0800 L aaaaaaaaaaaaaaaaaaaaaaaa
0184 2101 0508 0309 0792 0631 0554 2098 0504 0704 0249 0399 0549 0491 0481 0240 0447 0370 0767 0799 L aaaaaaaaaaaaaaaaaaaaaaaa
0185 2102 0508 0307 0794 0631 0555 2098 0504 0704 0248 0399 0550 0491 0481 0241 0446 0369 0766 0799 L aaaaaaaaaaaaaaaaaaaaaaaa
0186 2102 0508 0305 0796 0631 0555 2099 0503 0705 0248 0399 0550 0492 0480 0241 0444 0369 0766 0798 L aaaaaaaaaaaaaaaaaaaaaaaa
0187 2103 0508 0303 0798 0631 0555 2099 0503 0706 0247 0399 0550 0493 0479 0242 0443 0368 0766 0798 L aaaaaaaaaaaaaaaaaaaaaaaa
0188 2103 0508 0301 0800 0630 0556 2099 0502 0706 0246 0399 0550 0494 0478 0243 0441 0367 0766 0797 L aaaaaaaaaaaaaaaaaaaaaaaa
0189 2104 0508 0299 0802 0630 0556 2100 0502 0707 0245 0399 0550 0494 0477 0243 0440 0367 0765 0797 L aaaaaaaaaaaaaaaaaaaaaaaa
0190 2104 0508 0297 0803 0629 0556 2100 0502 0708 0245 0399 0550 0495 0476 0244 0438 0366 0765 0796 L aaaaaaaaaaaaaaaaaaaaaaaa
0191 2105 0507 0295 0805 0629 0557 2100 0501 0708 0244 0399 0550 0496 0476 0245 0437 0366 0764 0795 L aaaaaaaaaaaaaaaaaaaaaaaa
0192 2105 0507 0293 0806 0628 0557 2101 0501 0709 0244 0399 0550 0497 0475 0245 0436 0366 0764 0795 L aaaaaaaaaaaaaaaaaaaaaaaa
0193 2105 0507 0291 0807 0627 0557 2101 0501 0709 0243 0399 0551 0498 0474 0246 0434 0365 0763 0794 L aaaaaaaaaaaaaaaaaaaaaaaa
0194 2106 0507 0289 0808 0626 0558 2101 0500 0710 0243 0399 0551 0499 0474 0247 0433 0365 0762 0793 L aaaaaaaaaaaaaaaaaaaaaaaa
0195 2106 0507 0288 0808 0625 0558 2101 0500 0710 0243 0400 0551 0500 0473 0248 0432 0364 0762 0792 L aaaaaaaaaaaaaaaaaaaaaaaa
0196 2106 0507 0286 0809 0624 0558 2102 0500 0711 0242 0400 0551 0501 0472 0249 0431 0364 0761 0792 L aaaaaaaaaaaaaaaaaaaaaaaa
0197 2107 0507 0285 0809 0623 0558 2102 0500 0711 0242 0400 0551 0502 0472 0249 0430 0363 0760 0791 L aaaaaaaaaaaaaaaaaaaaaaaa
0198 2107 0507 0283 0809 0621 0558 2102 0500 0711 0242 0400 0551 0502 0471 0250 0429 0363 0759 0790 L aaaaaaaaaaaaaaaaaaaaaaaa
0199 2107 0507 0282 0809 0620 0558 2102 0500 0712 0242 0400 0551 0503 0470 0251 0428 0363 0758 0789 L aaaaaaaaaaaaaaaaaaaaaaaa
0200 2107 0507 0281 0808 0618 0559 2102 0500 0712 0242 0401 0551 0504 0470 0252 0427 0362 0757 0789 L aaaaaaaaaaaaaaaaaaaaaaaa
0201 2108 0507 0280 0808 0617 0559 2102 0500 0712 0242 0401 0551 0505 0469 0253 0426 0362 0756 0788 L aaaaaaaaaaaaaaaaaaaaaaaa
0202 2108 0507 0279 0807 0615 0559 2103 0500 0713 0242 0401 0551 0506 0468 0254 0425 0361 0755 0787 L aaaaaaaaaaaaaaaaaaaaaaaa
0203 2108 0507 0278 0806 0613 0559 2103 0500 0713 0242 0402 0551 0507 0468 0255 0424 0361 0754 0786 L aaaaaaaaaaaaaaaaaaaaaaaa
0204 2108 0507 0278 0805 0612 0559 2103 0500 0713 0242 0402 0552 0508 0467 0256 0423 0361 0752 0785 L aaaaaaaaaaaaaaaaaaaaaaaa
0205 2108 0508 0277 0803 0610 0559 2103 0500 0713 0242 0402 0552 0509 0467 0257 0423 0360 0751 0784 L aaaaaaaaaaaaaaaaaaaaaaaa
0206 2108 0508 0277 0802 0608 0559 2103 0501 0713 0242 0403 0552 0510 0466 0258 0422 0360 0750 0784 L aaaaaaaaaaaaaaaaaaaaaaaa
0207 2108 0508 0277 0800 0606 0559 2103 0501 0713 0243 0403 0552 0511 0466 0259 0421 0360 0748 0783 L aaaaaaaaaaaaaaaaaaaaaaaa
0208 2108 0508 0277 0798 0604 0559 2103 0501 0713 0243 0404 0552 0512 0465 0260 0421 0359 0747 0782 L aaaaaaaaaaaaaaaaaaaaaaaa
0209 2108 0508 0277 0796 0602 0559 2103 0502 0713 0244 0404 0552 0513 0464 0261 0420 0359 0745 0781 L aaaaaaaaaaaaaaaaaaaaaaaa
0210 2108 0508 0277 0793 0599 0559 2104 0502 0713 0244 0404 0552 0514 0464 0262 0420 0359 0744 0780 L aaaaaaaaaaaaaaaaaaaaaaaa
0211 2108 0508 0278 0791 0597 0559 2104 0502 0713 0245 0405 0552 0515 0463 0263 0419 0359 0742 0779 L aaaaaaaaaaaaaaaaaaaaaaaa
0212 2108 0509 0278 0788 0595 0559 2104 0503 0713 0246 0405 0552 0516 0463 0264 0419 0358 0740 0779 L aaaaaaaaaaaaaaaaaaaaaaaa
0213 2108 0509 0279 0785 0593 0558 2104 0503 0713 0246 0406 0553 0517 0462 0265 0419 0358 0739 0778 L aaaaaaaaaaaaaaaaaaaaaaaa
0214 2108 0509 0279 0782 0590 0558 2104 0504 0713 0247 0406 0553 0518 0462 0266 0418 0358 0737 0777 L aaaaaaaaaaaaaaaaaaaaaaaa
0215 2108 0509 0280 0779 0588 0558 2105 0504 0712 0248 0407 0553 0519 0461 0267 0418 0357 0735 0776 L aaaaaaaaaaaaaaaaaaaaaaaa
0216 2108 0510 0281 0775 0586 0558 2105 0505 0712 0249 0407 0553 0520 0461 0268 0418 0357 0733 0775 L aaaaaaaaaaaaaaaaaaaaaaaa
0217 2109 0510 0282 0772 0583 0558 2105 0505 0712 0249 0408 0553 0521 0461 0269 0418 0357 0732 0774 L aaaaaaaaaaaaaaaaaaaaaaaa
0218 2109 0510 0284 0768 0581 0558 2106 0506 0711 0250 0409 0553 0522 0460 0271 0418 0357 0730 0773 L aaaaaaaaaaaaaaaaaaaaaaaa
0219 2109 0511 0285 0765 0579 0558 2106 0506 0711 0251 0409 0553 0522 0460 0272 0418 0356 0728 0773 L aaaaaaaaaaaaaaaaaaaaaaaa
0220 2109 0511 0286 0761 0576 0558 2106 0507 0711 0252 0410 0554 0523 0459 0273 0417 0356 0726 0772 L aaaaaaaaaaaaaaaaaaaaaaaa
0221 2109 0511 0288 0757 0574 0557 2107 0508 0710 0253 0410 0554 0524 0459 0274 0417 0356 0724 0771 L aaaaaaaaaaaaaaaaaaaaaaaa
0222 2110 0512 0289 0753 0572 0557 2107 0508 0710 0254 0411 0554 0525 0459 0275 0417 0356 0723 0770 L aaaaaaaaaaaaaaaaaaaaaaaa
0223 2110 0512 0291 0749 0570 0557 2108 0509 0709 0255 0411 0554 0526 0458 0276 0417 0356 0721 0769 L aaaaaaaaaaaaaaaaaaaaaaaa
0224 2111 0512 0293 0745 0567 0557 2109 0510 0709 0256 0412 0554 0526 0458 0277 0417 0356 0719 0768 L aaaaaaaaaaaaaaaaaaaaaaaa
0225 2111 0513 0295 0741 0565 0557 2109 0510 0709 0257 0413 0554 0527 0457 0278 0418 0355 0717 0767 L aaaaaaaaaaaaaaaaaaaaaaaa
0226 2112 0513 0297 0737 0563 0557 2110 0511 0708 0259 0413 0554 0528 0457 0279 0418 0355 0715 0767 L aaaaaaaaaaaaaaaaaaaaaaaa
0227 2112 0514 0299 0733 0561 0557 2111 0512 0707 0260 0414 0555 0529 0457 0280 0418 0355 0714 0766 L aaaaaaaaaaaaaaaaaaaaaaaa
0228 2113 0514 0301 0728 0558 0557 2112 0512 0707 0261 0414 0555 0529 0456 0281 0418 0355 0712 0765 L aaaaaaaaaaaaaaaaaaaaaaaa
0229 2114 0514 0303 0724 0556 0556 2113 0513 0706 0262 0415 0555 0530 0456 0281 0418 0355 0710 0764 L aaaaaaaaaaaaaaaaaaaaaaaa
0230 2115 0515 0305 0720 0554 0556 2114 0514 0706 0263 0416 0555 0531 0456 0282 0418 0355 0708 0763 L aaaaaaaaaaaaaaaaaaaaaaaa
0231 2116 0515 0307 0716 0552 0556 2115 0514 0705 0264 0416 0555 0531 0456 0283 0419 0355 0707 0762 L aaaaaaaaaaaaaaaaaaaaaaaa
0232 2117 0516 0309 0712 0550 0556 2116 0515 0705 0265 0417 0555 0532 0455 0284 0419 0355 0705 0761 L aaaaaaaaaaaaaaaaaaaaaaaa
0233 2118 0516 0311 0708 0548 0556 2117 0516 0704 0267 0417 0555 0532 0455 0285 0419 0355 0703 0760 L aaaaaaaaaaaaaaaaaaaaaaaa
0234 2119 0517 0313 0704 0546 0556 2119 0516 0704 0268 0418 0556 0533 0455 0285 0420 0354 0702 0759 L aaaaaaaaaaaaaaaaaaaaaaaa
0235 2120 0517 0315 0700 0544 0556 2120 0517 0703 0269 0419 0556 0533 0455 0286 0420 0354 0700 0759 L aaaaaaaaaaaaaaaaaaaaaaaa
0236 2121 0518 0317 0696 0543 0556 2121 0518 0702 0270 0419 0556 0533 0455 0286 0420 0354 0699 0758 L aaaaaaaaaaaaaaaaaaaaaaaa
0237 2123 0518 0319 0692 0541 0556 2123 0518 0702 0271 0420 0556 0534 0454 0287 0421 0354 0697 0757 L aaaaaaaaaaaaaaaaaaaaaaaa
0238 2124 0519 0321 0689 0539 0556 2124 0519 0701 0272 0420 0556 0534 0454 0288 0421 0354 0696 0756 L aaaaaaaaaaaaaaaaaaaaaaaa
0239 2125 0519 0323 0685 0538 0556 2125 0520 0701 0273 0421 0556 0535 0454 0288 0421 0354 0695 0755 L aaaaaaaaaaaaaaaaaaaaaaaa
0240 2126 0520 0325 0682 0536 0556 2127 0520 0700 0274 0421 0556 0535 0454 0288 0422 0354 0693 0755 L aaaaaaaaaaaaaaaaaaaaaaaa
0241 2128 0520 0327 0679 0535 0556 2128 0521 0700 0275 0422 0557 0535 0454 0289 0422 0354 0692 0754 L aaaaaaaaaaaaaaaaaaaaaaaa
0242 2129 0520 0328 0676 0534 0556 2129 0521 0699 0276 0422 0557 0535 0454 0289 0422 0354 0691 0753 L aaaaaaaaaaaaaaaaaaaaaaaa
0243 2130 0521 0330 0674 0533 0556 2131 0522 0699 0277 0422 0557 0536 0453 0289 0423 0354 0690 0753 L aaaaaaaaaaaaaaaaaaaaaaaa
0244 2131 0521 0331 0671 0532 0556 2132 0522 0699 0278 0423 0557 0536 0453 0290 0423 0354 0689 0752 L aaaaaaaaaaaaaaaaaaaaaaaa
0245 2132 0521 0333 0669 0531 0556 2133 0523 0698 0278 0423 0557 0536 0453 0290 0423 0354 0688 0752 L aaaaaaaaaaaaaaaaaaaaaaaa
0246 2133 0522 0334 0667 0530 0556 2134 0523 0698 0279 0423 0557 0536 0453 0290 0424 0354 0688 0751 L aaaaaaaaaaaaaaaaaaaaaaaa
0247 2134 0522 0335 0666 0529 0556 2135 0523 0698 0279 0424 0557 0536 0453 0290 0424 0354 0687 0751 L aaaaaaaaaaaaaaaaaaaaaaaa
0248 2134 0522 0335 0664 0529 0556 2135 0524 0697 0280 0424 0557 0536 0453 0290 0424 0354 0687 0750 L aaaaaaaaaaaaaaaaaaaaaaaa
0249 2135 0522 0336 0663 0529 0556 2136 0524 0697 0280 0424 0557 0536 0453 0290 0424 0354 0686 0750 L aaaaaaaaaaaaaaaaaaaaaaaa
0250 2135 0522 0336 0663 0528 0556 2136 0524 0697 0280 0424 0557 0536 0453 0290 0424 0354 0686 0750 L aaaaaaaaaaaaaaaaaaaaaaaa
0251 2135 0522 0336 0663 0528 0556 2136 0524 0697 0280 0424 0557 0536 0453 0290 0424 0354 0686 0750 B aaaaaaaaaaaaaaaaaaaaaaaa
0252 2135 0522 0336 0663 0528 0556 2136 0524 0697 0280 0424 0557 0536 0453 0290 0424 0354 0686 0750 B aaaaaaaaaaaaaaaaaaaaaaaa
0253 2135 0522 0336 0663 0528 0556 2136 0524 0697 0280 0424 0557 0536 0453 0290 0424 0354 0686 0750 B aaaaaaaaaaaaaaaaaaaaaaaa
0254 2135 0522 0336 0663 0528 0556 2136 0524 0697 0280 0424 0557 0536 0453 0290 0424 0354 0686 0750 B aaaaaaaaaaaaaaaaaaaaaaaa
0255 2135 0522 0336 0663 0528 0556 2136 0524 0697 0280 0424 0557 0536 0453 0290 0424 0354 0686 0750 B aaaaaaaaaaaaaaaaaaaaaaaa
0256 2135 0522 0336 0663 0528 0556 2136 0524 0697 0280 0424 0557 0536 0453 0290 0424 0354 0686 0750 B aaaaaaaaaaaaaaaaaaaaaaaa
0257 2135 0522 0336 0663 0528 0556 2136 0524 0697 0280 0424 0557 0536 0453 0290 0424 0354 0686 0750 B aaaaaaaaaaaaaaaaaaaaaaaa
0258 2135 0522 0336 0663 0528 0556 2136 0524 0697 0280 0424 0557 0536 0453 0290 0424 0354 0686 0750 B aaaaaaaaaaaaaaaaaaaaaaaa
0259 2135 0522 0336 0663 0528 0556 2136 0524 0697 0280 0424 0557 0536 0453 0290 0424 0354 0686 0750 B aaaaaaaaaaaaaaaaaaaaaaaa
0260 2135 0522 0336 0663 0528 0556 2136 0524 0697 0280 0424 0557 0536 0453 0290 0424 0355 0686 0750 B aaaaaaaaaaaaaaaaaaaaaaaa
0261 2135 0522 0336 0663 0528 0556 2136 0524 0697 0280 0424 0557 0536 0453 0290 0424 0355 0686 0750 B aaaaaaaaaaaaaaaaaaaaaaaa
0262 2135 0522 0336 0663 0529 0556 2136 0524 0697 0280 0424 0557 0536 0453 0290 0425 0355 0687 0750 B aaaaaaaaaaaaaaaaaaaaaaaa
0263 2135 0522 0336 0663 0529 0556 2136 0524 0697 0280 0424 0557 0536 0453 0290 0425 0355 0687 0750 B aaaaaaaaaaaaaaaaaaaaaaaa
0264 2135 0522 0336 0663 0529 0556 2136 0524 0697 0280 0424 0557 0536 0453 0290 0425 0355 0687 0750 B aaaaaaaaaaaaaaaaaaaaaaaa
0265 2135 0522 0336 0663 0529 0556 2136 0524 0697 0280 0424 0557 0536 0454 0290 0425 0355 0687 0750 B aaaaaaaaaaaaaaaaaaaaaaaa
0266 2135 0522 0336 0663 0529 0555 2136 0524 0697 0280 0424 0557 0536 0454 0289 0425 0355 0687 0750 B aaaaaaaaaaaaaaaaaaaaaaaa
0267 2135 0522 0336 0664 0529 0555 2136 0524 0697 0280 0424 0557 0536 0454 0289 0425 0355 0687 0750 B aaaaaaaaaaaaaaaaaaaaaaaa
0268 2135 0522 0336 0664 0529 0555 2136 0524 0697 0280 0424 0557 0535 0454 0289 0425 0355 0687 0750 B aaaaaaaaaaaaaaaaaaaaaaaa
0269 2135 0522 0336 0664 0529 0555 2136 0524 0697 0280 0424 0557 0535 0454 0289 0425 0355 0688 0750 B aaaaaaaaaaaaaaaaaaaaaaaa
0270 2135 0522 0336 0664 0529 0555 2136 0524 0697 0280 0423 0557 0535 0454 0289 0425 0355 0688 0750 B aaaaaaaaaaaaaaaaaaaaaaaa
0271 2134 0522 0336 0664 0529 0555 2136 0524 0697 0280 0423 0557 0535 0454 0288 0426 0356 0688 0750 B aaaaaaaaaaaaaaaaaaaaaaaa
0272 2134 0522 0336 0665 0530 0555 2135 0524 0697 0280 0423 0557 0535 0455 0288 0426 0356 0688 0751 B aaaaaaaaaaaaaaaaaaaaaaaa
0273 2134 0522 0336 0665 0530 0555 2135 0524 0697 0280 0423 0556 0535 0455 0288 0426 0356 0689 0751 B aaaaaaaaaaaaaaaaaaaaaaaa
0274 2134 0522 0336 0665 0530 0555 2135 0524 0697 0280 0423 0556 0534 0455 0287 0426 0356 0689 0751 B aaaaaaaaaaaaaaaaaaaaaaaa
0275 2134 0522 0335 0666 0530 0555 2135 0524 0697 0280 0423 0556 0534 0455 0287 0427 0356 0689 0751 B aaaaaaaaaaaaaaaaaaaaaaaa
0276 2134 0522 0335 0666 0531 0555 2135 0524 0697 0280 0423 0556 0534 0456 0287 0427 0357 0690 0751 B aaaaaaaaaaaaaaaaaaaaaaaa
0277 2134 0522 0335 0666 0531 0554 2135 0524 0696 0280 0423 0556 0534 0456 0286 0427 0357 0690 0751 B aaaaaaaaaaaaaaaaaaaaaaaa
0278 2134 0522 0335 0667 0531 0554 2135 0523 0696 0279 0422 0556 0533 0457 0286 0427 0357 0691 0751 B aaaaaaaaaaaaaaaaaaaaaaaa
0279 2134 0522 0335 0667 0532 0554 2135 0523 0696 0279 0422 0555 0533 0457 0285 0428 0358 0691 0751 B aaaaaaaaaaaaaaaaaaaaaaaa
0280 2133 0522 0335 0668 0532 0554 2134 0523 0696 0279 0422 0555 0532 0457 0284 0428 0358 0692 0751 B aaaaaaaaaaaaaaaaaaaaaaaa
0281 2133 0522 0335 0668 0532 0554 2134 0523 0696 0279 0422 0555 0532 0458 0284 0429 0358 0692 0752 B aaaaaaaaaaaaaaaaaaaaaaaa
0282 2133 0522 0334 0669 0533 0553 2134 0523 0696 0279 0421 0555 0532 0459 0283 0429 0359 0693 0752 B aaaaaaaaaaaaaaaaaaaaaaaa
0283 2133 0522 0334 0670 0533 0553 2134 0523 0696 0279 0421 0555 0531 0459 0282 0430 0359 0694 0752 B aaaaaaaaaaaaaaaaaaaaaaaa
0284 2133 0522 0334 0670 0534 0553 2133 0523 0696 0279 0421 0554 0531 0460 0282 0430 0360 0695 0752 B aaaaaaaaaaaaaaaaaaaaaaaa
0285 2132 0522 0334 0671 0534 0553 2133 0523 0695 0279 0420 0554 0530 0461 0281 0431 0360 0696 0752 B aaaaaaaaaaaaaaaaaaaaaaaa
0286 2132 0522 0333 0672 0535 0552 2133 0523 0695 0279 0420 0554 0529 0461 0280 0432 0361 0697 0752 B aaaaaaaaaaaaaaaaaaaaaaaa
0287 2132 0522 0333 0673 0536 0552 2133 0523 0695 0278 0420 0553 0529 0462 0279 0432 0362 0698 0753 B aaaaaaaaaaaaaaaaaaaaaaaa
0288 2131 0521 0333 0674 0536 0552 2132 0523 0695 0278 0419 0553 0528 0463 0278 0433 0362 0699 0753 B aaaaaaaaaaaaaaaaaaaaaaaa
0289 2131 0521 0333 0675 0537 0551 2132 0523 0694 0278 0419 0552 0527 0464 0276 0434 0363 0700 0753 B aaaaaaaaaaaaaaaaaaaaaaaa
0290 2131 0521 0332 0676 0538 0551 2131 0522 0694 0278 0418 0552 0527 0465 0275 0435 0364 0701 0753 B aaaaaaaaaaaaaaaaaaaaaaaa
0291 2130 0521 0332 0677 0539 0550 2131 0522 0694 0278 0418 0551 0526 0466 0274 0436 0365 0702 0754 B aaaaaaaaaaaaaaaaaaaaaaaa
0292 2130 0521 0332 0678 0540 0550 2131 0522 0694 0278 0417 0551 0525 0468 0273 0437 0366 0704 0754 B aaaaaaaaaaaaaaaaaaaaaaaa
0293 2129 0521 0331 0680 0541 0549 2130 0522 0693 0277 0417 0550 0524 0469 0271 0438 0367 0705 0754 B aaaaaaaaaaaaaaaaaaaaaaaa
0294 2129 0521 0331 0681 0542 0549 2129 0522 0693 0277 0416 0550 0523 0470 0270 0439 0368 0707 0754 B aaaaaaaaaaaaaaaaaaaaaaaa
0295 2128 0521 0330 0682 0543 0548 2129 0522 0692 0277 0415 0549 0522 0472 0268 0441 0369 0708 0755 B aaaaaaaaaaaaaaaaaaaaaaaa
0296 2128 0521 0330 0684 0544 0547 2128 0521 0692 0277 0415 0548 0521 0473 0267 0442 0370 0710 0755 B aaaaaaaaaaaaaaaaaaaaaaaa
0297 2127 0520 0330 0685 0545 0547 2128 0521 0691 0277 0414 0548 0520 0475 0265 0443 0371 0712 0755 B aaaaaaaaaaaaaaaaaaaaaaaa
0298 2126 0520 0329 0687 0546 0546 2127 0521 0691 0277 0413 0547 0519 0477 0264 0445 0372 0714 0756 B aaaaaaaaaaaaaaaaaaaaaaaa
0299 2126 0520 0329 0689 0548 0545 2126 0521 0690 0276 0413 0546 0518 0479 0262 0446 0374 0716 0756 B aaaaaaaaaaaaaaaaaaaaaaaa
0300 2125 0520 0328 0690 0549 0545 2125 0521 0690 0276 0412 0545 0516 0481 0260 0448 0375 0718 0756 B aaaaaaaaaaaaaaaaaaaaaaaa
0301 2124 0520 0328 0692 0550 0544 2124 0520 0689 0276 0411 0544 0515 0483 0258 0450 0377 0720 0757 B aaaaaaaaaaaaaaaaaaaaaaaa
0302 2123 0520 0328 0694 0552 0543 2123 0520 0689 0276 0410 0543 0514 0485 0257 0452 0378 0722 0757 B aaaaaaaaaaaaaaaaaaaaaaaa
0303 2122 0519 0327 0695 0553 0542 2123 0520 0688 0276 0409 0543 0512 0487 0255 0454 0380 0724 0757 B aaaaaaaaaaaaaaaaaaaaaaaa
0304 2121 0519 0327 0697 0555 0541 2121 0520 0687 0276 0408 0542 0511 0490 0253 0456 0381 0726 0758 B aaaaaaaaaaaaaaaaaaaaaaaa
0305 2120 0519 0326 0699 0556 0540 2120 0519 0686 0276 0407 0541 0510 0492 0251 0458 0383 0729 0758 B aaaaaaaaaaaaaaaaaaaaaaaa
0306 2119 0519 0326 0701 0558 0539 2119 0519 0685 0276 0406 0539 0508 0495 0249 0460 0385 0731 0758 B aaaaaaaaaaaaaaaaaaaaaaaa
0307 2118 0519 0326 0703 0559 0538 2118 0519 0684 0276 0405 0538 0507 0498 0247 0462 0386 0734 0758 B aaaaaaaaaaaaaaaaaaaaaaaa
0308 2117 0518 0325 0705 0561 0537 2117 0519 0683 0276 0404 0537 0506 0501 0246 0464 0388 0736 0759 B aaaaaaaaaaaaaaaaaaaaaaaa
0309 2115 0518 0325 0707 0563 0536 2115 0518 0682 0276 0403 0536 0504 0504 0244 0467 0390 0739 0759 B aaaaaaaaaaaaaaaaaaaaaaaa
0310 2114 0518 0325 0709 0564 0535 2114 0518 0681 0276 0402 0535 0503 0507 0242 0469 0392 0742 0759 B aaaaaaaaaaaaaaaaaaaaaaaa
0311 2112 0518 0324 0710 0566 0534 2112 0518 0680 0276 0401 0534 0502 0510 0240 0472 0394 0744 0759 B aaaaaaaaaaaaaaaaaaaaaaaa
0312 2111 0517 0324 0712 0568 0532 2111 0517 0679 0277 0400 0532 0500 0513 0239 0474 0396 0747 0759 B aaaaaaaaaaaaaaaaaaaaaaaa
0313 2109 0517 0324 0714 0570 0531 2109 0517 0678 0277 0399 0531 0499 0517 0237 0477 0399 0750 0759 B aaaaaaaaaaaaaaaaaaaaaaaa
0314 2108 0517 0324 0716 0571 0530 2108 0517 0676 0277 0398 0530 0498 0520 0236 0480 0401 0753 0759 B aaaaaaaaaaaaaaaaaaaaaaaa
0315 2106 0516 0324 0718 0573 0528 2106 0516 0675 0278 0397 0528 0496 0524 0234 0482 0403 0755 0759 B aaaaaaaaaaaaaaaaaaaaaaaa
0316 2104 0516 0324 0720 0575 0527 2104 0516 0674 0278 0396 0527 0495 0528 0233 0485 0405 0758 0759 B aaaaaaaaaaaaaaaaaaaaaaaa
0317 2102 0516 0324 0722 0577 0526 2102 0516 0672 0279 0395 0525 0494 0531 0231 0488 0408 0761 0759 B aaaaaaaaaaaaaaaaaaaaaaaa
0318 2100 0516 0324 0723 0579 0524 2100 0515 0671 0279 0394 0524 0493 0535 0230 0491 0410 0764 0759 B aaaaaaaaaaaaaaaaaaaaaaaa
0319 2098 0515 0324 0725 0581 0523 2098 0515 0669 0280 0393 0523 0492 0539 0229 0494 0412 0767 0759 B aaaaaaaaaaaaaaaaaaaaaaaa
0320 2096 0515 0324 0727 0582 0521 2096 0515 0667 0280 0392 0521 0491 0543 0228 0497 0415 0769 0759 B aaaaaaaaaaaaaaaaaaaaaaaa
0321 2094 0514 0324 0728 0584 0520 2094 0514 0666 0281 0391 0520 0490 0547 0227 0500 0417 0772 0758 B aaaaaaaaaaaaaaaaaaaaaaaa
0322 2092 0514 0324 0730 0586 0518 2092 0514 0664 0282 0390 0518 0489 0550 0227 0503 0420 0775 0758 B aaaaaaaaaaaaaaaaaaaaaaaa
0323 2090 0514 0324 0731 0588 0517 2089 0513 0662 0283 0389 0517 0488 0554 0226 0506 0423 0778 0757 B aaaaaaaaaaaaaaaaaaaaaaaa
0324 2087 0513 0325 0733 0590 0515 2087 0513 0660 0284 0388 0515 0487 0558 0225 0509 0425 0780 0757 B aaaaaaaaaaaaaaaaaaaaaaaa
0325 2085 0513 0325 0734 0591 0514 2085 0513 0658 0285 0387 0513 0487 0562 0225 0513 0428 0783 0757 B aaaaaaaaaaaaaaaaaaaaaaaa
0326 2083 0512 0325 0735 0593 0512 2083 0512 0657 0286 0386 0512 0486 0566 0225 0516 0431 0785 0756 B aaaaaaaaaaaaaaaaaaaaaaaa
0327 2081 0512 0326 0737 0595 0511 2080 0512 0655 0287 0385 0510 0486 0570 0225 0519 0434 0788 0755 B aaaaaaaaaaaaaaaaaaaaaaaa
0328 2078 0511 0326 0738 0596 0509 2078 0511 0653 0289 0385 0509 0486 0574 0225 0522 0436 0790 0755 B aaaaaaaaaaaaaaaaaaaaaaaa
0329 2076 0511 0327 0739 0598 0507 2076 0511 0651 0290 0384 0507 0485 0577 0225 0525 0439 0792 0754 B aaaaaaaaaaaaaaaaaaaaaaaa
0330 2074 0510 0327 0740 0600 0506 2074 0510 0649 0291 0383 0506 0485 0581 0225 0528 0442 0795 0753 B aaaaaaaaaaaaaaaaaaaaaaaa
0331 2071 0510 0328 0741 0601 0504 2071 0510 0646 0293 0383 0504 0485 0585 0225 0530 0445 0797 0753 B aaaaaaaaaaaaaaaaaaaaaaaa
0332 2069 0509 0328 0742 0603 0503 2069 0510 0644 0294 0382 0503 0485 0588 0226 0533 0448 0799 0752 B aaaaaaaaaaaaaaaaaaaaaaaa
0333 2067 0509 0329 0742 0604 0501 2067 0509 0642 0296 0382 0501 0485 0592 0226 0536 0451 0801 0751 B aaaaaaaaaaaaaaaaaaaaaaaa
0334 2065 0508 0330 0743 0606 0500 2065 0509 0640 0297 0381 0500 0486 0595 0227 0538 0454 0802 0750 B aaaaaaaaaaaaaaaaaaaaaaaa
0335 2063 0508 0331 0744 0607 0498 2063 0508 0638 0299 0381 0499 0486 0598 0227 0541 0457 0804 0749 B aaaaaaaaaaaaaaaaaaaaaaaa
0336 2061 0507 0331 0744 0608 0497 2061 0508 0636 0301 0380 0497 0486 0601 0228 0543 0460 0806 0748 B aaaaaaaaaaaaaaaaaaaaaaaa
0337 2059 0507 0332 0745 0610 0495 2059 0507 0634 0302 0380 0496 0487 0604 0229 0546 0463 0807 0748 B aaaaaaaaaaaaaaaaaaaaaaaa
0338 2057 0506 0333 0745 0611 0494 2057 0507 0632 0304 0380 0494 0487 0607 0230 0548 0466 0808 0747 B aaaaaaaaaaaaaaaaaaaaaaaa
0339 2055 0506 0334 0746 0612 0493 2056 0506 0630 0306 0379 0493 0488 0610 0231 0550 0469 0810 0746 B aaaaaaaaaaaaaaaaaaaaaaaa
0340 2054 0505 0335 0746 0613 0491 2054 0506 0628 0308 0379 0492 0488 0613 0232 0552 0472 0811 0745 B aaaaaaaaaaaaaaaaaaaaaaaa
0341 2052 0505 0335 0746 0615 0490 2052 0505 0626 0309 0379 0491 0489 0616 0233 0554 0475 0812 0744 B aaaaaaaaaaaaaaaaaaaaaaaa
0342 2051 0504 0336 0747 0616 0489 2051 0505 0624 0311 0379 0489 0489 0618 0234 0556 0478 0813 0744 B aaaaaaaaaaaaaaaaaaaaaaaa
0343 2049 0504 0337 0747 0617 0488 2050 0505 0623 0313 0379 0488 0490 0621 0235 0557 0481 0814 0743 B aaaaaaaaaaaaaaaaaaaaaaaa
0344 2048 0503 0338 0747 0618 0486 2048 0504 0621 0315 0379 0487 0491 0623 0236 0559 0484 0814 0742 B aaaaaaaaaaaaaaaaaaaaaaaa
0345 2047 0503 0339 0747 0619 0485 2047 0504 0619 0317 0379 0486 0491 0625 0237 0560 0487 0815 0741 B aaaaaaaaaaaaaaaaaaaaaaaa
0346 2045 0503 0339 0747 0620 0484 2046 0503 0617 0318 0379 0485 0492 0627 0239 0562 0490 0816 0741 B aaaaaaaaaaaaaaaaaaaaaaaa
0347 2044 0502 0340 0747 0620 0483 2045 0503 0616 0320 0379 0484 0492 0630 0240 0563 0492 0816 0740 B aaaaaaaaaaaaaaaaaaaaaaaa
0348 2043 0502 0341 0747 0621 0482 2044 0503 0614 0322 0379 0483 0493 0632 0241 0564 0495 0817 0739 B aaaaaaaaaaaaaaaaaaaaaaaa
0349 2043 0501 0342 0747 0622 0481 2043 0502 0612 0323 0379 0482 0494 0633 0242 0565 0498 0817 0739 B aaaaaaaaaaaaaaaaaaaaaaaa
0350 2042 0501 0343 0747 0623 0480 2043 0502 0611 0325 0379 0481 0494 0635 0243 0566 0500 0817 0738 B aaaaaaaaaaaaaaaaaaaaaaaa
0351 2041 0500 0343 0747 0624 0479 2042 0502 0609 0327 0379 0480 0495 0637 0244 0568 0502 0818 0737 B aaaaaaaaaaaaaaaaaaaaaaaa
0352 2040 0500 0344 0747 0624 0478 2041 0501 0608 0328 0379 0480 0495 0639 0245 0568 0505 0818 0737 B aaaaaaaaaaaaaaaaaaaaaaaa
0353 2040 0500 0345 0747 0625 0478 2041 0501 0607 0330 0379 0479 0496 0640 0246 0569 0507 0818 0736 B aaaaaaaaaaaaaaaaaaaaaaaa
0354 2039 0499 0345 0747 0625 0477 2040 0501 0605 0331 0380 0478 0496 0642 0247 0570 0509 0818 0736 B aaaaaaaaaaaaaaaaaaaaaaaa
0355 2039 0499 0346 0747 0626 0476 2040 0500 0604 0332 0380 0477 0497 0643 0248 0571 0511 0818 0735 B aaaaaaaaaaaaaaaaaaaaaaaa
0356 2038 0499 0347 0747 0627 0475 2039 0500 0603 0334 0380 0477 0497 0645 0249 0572 0513 0819 0735 B aaaaaaaaaaaaaaaaaaaaaaaa
0357 2038 0498 0347 0747 0627 0475 2039 0500 0602 0335 0380 0476 0497 0646 0250 0572 0515 0819 0735 B aaaaaaaaaaaaaaaaaaaaaaaa
0358 2037 0498 0348 0747 0628 0474 2039 0500 0601 0336 0380 0476 0498 0647 0251 0573 0517 0819 0734 B aaaaaaaaaaaaaaaaaaaaaaaa
0359 2037 0498 0348 0747 0628 0473 2038 0499 0600 0338 0381 0475 0498 0648 0252 0573 0518 0819 0734 B aaaaaaaaaaaaaaaaaaaaaaaa
0360 2037 0498 0349 0747 0628 0473 2038 0499 0599 0339 0381 0474 0499 0649 0253 0574 0520 0819 0734 B aaaaaaaaaaaaaaaaaaaaaaaa
0361 2037 0497 0349 0747 0629 0472 2038 0499 0598 0340 0381 0474 0499 0650 0253 0574 0521 0819 0733 B aaaaaaaaaaaaaaaaaaaaaaaa
0362 2036 0497 0350 0747 0629 0472 2038 0499 0597 0341 0381 0474 0499 0651 0254 0575 0523 0819 0733 B aaaaaaaaaaaaaaaaaaaaaaaa
0363 2036 0497 0350 0746 0630 0471 2038 0499 0596 0342 0381 0473 0500 0652 0255 0575 0524 0819 0733 B aaaaaaaaaaaaaaaaaaaaaaaa
0364 2036 0497 0351 0746 0630 0471 2037 0499 0596 0343 0381 0473 0500 0653 0256 0576 0525 0819 0732 B aaaaaaaaaaaaaaaaaaaaaaaa
0365 2036 0496 0351 0746 0630 0470 2037 0498 0595 0344 0382 0472 0500 0654 0256 0576 0527 0819 0732 B aaaaaaaaaaaaaaaaaaaaaaaa
0366 2036 0496 0351 0746 0630 0470 2037 0498 0594 0344 0382 0472 0500 0654 0257 0576 0528 0819 0732 B aaaaaaaaaaaaaaaaaaaaaaaa
0367 2036 0496 0352 0746 0631 0470 2037 0498 0594 0345 0382 0472 0500 0655 0257 0577 0529 0819 0732 B aaaaaaaaaaaaaaaaaaaaaaaa
0368 2035 0496 0352 0746 0631 0469 2037 0498 0593 0346 0382 0471 0501 0656 0258 0577 0530 0819 0731 B aaaaaaaaaaaaaaaaaaaaaaaa
0369 2035 0496 0352 0746 0631 0469 2037 0498 0592 0347 0382 0471 0501 0656 0258 0577 0531 0819 0731 B aaaaaaaaaaaaaaaaaaaaaaaa
0370 2035 0496 0353 0746 0631 0469 2037 0498 0592 0347 0382 0471 0501 0657 0259 0577 0531 0818 0731 B aaaaaaaaaaaaaaaaaaaaaaaa
0371 2035 0496 0353 0746 0632 0468 2037 0498 0591 0348 0382 0470 0501 0658 0259 0578 0532 0818 0731 B aaaaaaaaaaaaaaaaaaaaaaaa
0372 2035 0495 0353 0746 0632 0468 2037 0497 0591 0349 0383 0470 0501 0658 0260 0578 0533 0818 0731 B aaaaaaaaaaaaaaaaaaaaaaaa
0373 2035 0495 0354 0746 0632 0468 2037 0497 0591 0349 0383 0470 0502 0658 0260 0578 0534 0818 0731 B aaaaaaaaaaaaaaaaaaaaaaaa
0374 2035 0495 0354 0745 0632 0468 2037 0497 0590 0350 0383 0470 0502 0659 0261 0578 0534 0818 0730 B aaaaaaaaaaaaaaaaaaaaaaaa
0375 2035 0495 0354 0745 0632 0467 2037 0497 0590 0350 0383 0470 0502 0659 0261 0578 0535 0818 0730 B aaaaaaaaaaaaaaaaaaaaaaaa
0376 2035 0495 0354 0745 0632 0467 2037 0497 0589 0351 0383 0469 0502 0660 0261 0579 0536 0818 0730 B aaaaaaaaaaaaaaaaaaaaaaaa
0377 2035 0495 0354 0745 0633 0467 2037 0497 0589 0351 0383 0469 0502 0660 0262 0579 0536 0818 0730 B aaaaaaaaaaaaaaaaaaaaaaaa
0378 2035 0495 0355 0745 0633 0467 2037 0497 0589 0351 0383 0469 0502 0660 0262 0579 0537 0818 0730 B aaaaaaaaaaaaaaaaaaaaaaaa
0379 2035 0495 0355 0745 0633 0467 2037 0497 0588 0352 0383 0469 0502 0661 0262 0579 0537 0818 0730 B aaaaaaaaaaaaaaaaaaaaaaaa
0380 2035 0495 0355 0745 0633 0466 2037 0497 0588 0352 0383 0469 0502 0661 0263 0579 0538 0818 0730 B aaaaaaaaaaaaaaaaaaaaaaaa
0381 2035 0494 0355 0745 0633 0466 2037 0497 0588 0353 0383 0469 0502 0661 0263 0579 0538 0818 0730 B aaaaaaaaaaaaaaaaaaaaaaaa
0382 2035 0494 0355 0745 0633 0466 2037 0497 0588 0353 0384 0468 0502 0662 0263 0579 0539 0818 0730 B aaaaaaaaaaaaaaaaaaaaaaaa
0383 2035 0494 0355 0745 0633 0466 2037 0497 0587 0353 0384 0468 0503 0662 0263 0579 0539 0818 0730 B aaaaaaaaaaaaaaaaaaaaaaaa
0384 2035 0494 0355 0745 0633 0466 2037 0497 0587 0353 0384 0468 0503 0662 0263 0579 0539 0818 0729 B aaaaaaaaaaaaaaaaaaaaaaaa
0385 2035 0494 0356 0745 0633 0466 2037 0496 0587 0354 0384 0468 0503 0662 0264 0580 0540 0818 0729 B aaaaaaaaaaaaaaaaaaaaaaaa
0386 2035 0494 0356 0745 0634 0466 2037 0496 0587 0354 0384 0468 0503 0663 0264 0580 0540 0818 0729 B aaaaaaaaaaaaaaaaaaaaaaaa
0387 2035 0494 0356 0745 0634 0466 2037 0496 0587 0354 0384 0468 0503 0663 0264 0580 0540 0818 0729 B aaaaaaaaaaaaaaaaaaaaaaaa
0388 2035 0494 0356 0745 0634 0465 2037 0496 0586 0354 0384 0468 0503 0663 0264 0580 0541 0818 0729 B aaaaaaaaaaaaaaaaaaaaaaaa
0389 2035 0494 0356 0745 0634 0465 2037 0496 0586 0355 0384 0468 0503 0663 0264 0580 0541 0818 0729 B aaaaaaaaaaaaaaaaaaaaaaaa
0390 2035 0494 0356 0745 0634 0465 2037 0496 0586 0355 0384 0468 0503 0663 0264 0580 0541 0818 0729 B aaaaaaaaaaaaaaaaaaaaaaaa
0391 2035 0494 0356 0745 0634 0465 2037 0496 0586 0355 0384 0468 0503 0663 0265 0580 0541 0818 0729 B aaaaaaaaaaaaaaaaaaaaaaaa
0392 2035 0494 0356 0745 0634 0465 2037 0496 0586 0355 0384 0468 0503 0664 0265 0580 0542 0818 0729 B aaaaaaaaaaaaaaaaaaaaaaaa
0393 2035 0494 0356 0745 0634 0465 2037 0496 0586 0355 0384 0467 0503 0664 0265 0580 0542 0818 0729 B aaaaaaaaaaaaaaaaaaaaaaaa
0394 2035 0494 0356 0745 0634 0465 2037 0496 0586 0356 0384 0467 0503 0664 0265 0580 0542 0818 0729 B aaaaaaaaaaaaaaaaaaaaaaaa
0395 2035 0494 0356 0745 0634 0465 2037 0496 0586 0356 0384 0467 0503 0664 0265 0580 0542 0818 0729 B aaaaaaaaaaaaaaaaaaaaaaaa
0396 2035 0494 0356 0745 0634 0465 2037 0496 0585 0356 0384 0467 0503 0664 0265 0580 0542 0818 0729 B aaaaaaaaaaaaaaaaaaaaaaaa
0397 2035 0494 0356 0745 0634 0465 2037 0496 0585 0356 0384 0467 0503 0664 0265 0580 0542 0818 0729 B aaaaaaaaaaaaaaaaaaaaaaaa
0398 2035 0494 0357 0744 0634 0465 2037 0496 0585 0356 0384 0467 0503 0664 0265 0580 0543 0818 0729 B aaaaaaaaaaaaaaaaaaaaaaaa
0399 2035 0494 0357 0744 0634 0465 2037 0496 0585 0356 0384 0467 0503 0664 0265 0580 0543 0818 0729 B aaaaaaaaaaaaaaaaaaaaaaaa
0400 2035 0494 0357 0744 0634 0465 2037 0496 0585 0356 0384 0467 0503 0664 0266 0580 0543 0818 0729 B aaaaaaaaaaaaaaaaaaaaaaaa
0401 2035 0494 0357 0744 0634 0465 2037 0496 0585 0356 0384 0467 0503 0664 0266 0580 0543 0818 0729 R aaaaaaaaaaaaaaaaaaaaaaaa
0402 2035 0494 0357 0745 0634 0465 2036 0496 0585 0356 0384 0467 0503 0665 0265 0580 0543 0818 0729 R aaaaaaaaaaaaaaaaaaaaaaaa
0403 2034 0494 0356 0745 0634 0465 2036 0496 0586 0355 0383 0467 0504 0665 0265 0581 0543 0818 0729 R aaaaaaaaaaaaaaaaaaaaaaaa
0404 2034 0494 0356 0745 0634 0465 2035 0496 0586 0354 0383 0467 0504 0665 0265 0581 0543 0817 0729 R aaaaaaaaaaaaaaaaaaaaaaaa
0405 2033 0494 0356 0745 0635 0465 2035 0497 0587 0352 0382 0467 0504 0665 0264 0581 0543 0817 0729 R aaaaaaaaaaaaaaaaaaaaaaaa
0406 2032 0495 0356 0746 0635 0465 2034 0497 0587 0350 0381 0467 0505 0665 0264 0581 0543 0817 0729 R aaaaaaaaaaaaaaaaaaaaaaaa
0407 2031 0495 0355 0746 0635 0465 2033 0497 0588 0348 0380 0467 0505 0665 0263 0581 0543 0817 0728 R aaaaaaaaaaaaaaaaaaaaaaaa
0408 2030 0496 0355 0747 0635 0465 2032 0498 0589 0346 0378 0467 0506 0665 0262 0581 0543 0817 0728 R aaaaaaaaaaaaaaaaaaaaaaaa
0409 2029 0496 0355 0748 0635 0465 2031 0498 0590 0343 0377 0467 0507 0665 0261 0581 0543 0817 0728 R aaaaaaaaaaaaaaaaaaaaaaaa
0410 2028 0497 0354 0748 0635 0465 2029 0498 0591 0341 0375 0466 0507 0666 0261 0582 0543 0817 0728 R aaaaaaaaaaaaaaaaaaaaaaaa
0411 2027 0497 0354 0749 0636 0465 2028 0499 0593 0338 0374 0466 0508 0666 0260 0582 0543 0817 0728 R aaaaaaaaaaaaaaaaaaaaaaaa
0412 2026 0498 0353 0750 0636 0465 2027 0499 0594 0334 0372 0466 0509 0666 0259 0582 0543 0817 0729 R aaaaaaaaaaaaaaaaaaaaaaaa
0413 2024 0499 0353 0751 0636 0465 2025 0500 0596 0331 0370 0466 0510 0666 0257 0582 0542 0817 0729 R aaaaaaaaaaaaaaaaaaaaaaaa
0414 2023 0499 0352 0752 0636 0465 2024 0500 0597 0328 0368 0466 0511 0666 0256 0582 0542 0817 0729 R aaaaaaaaaaaaaaaaaaaaaaaa
0415 2022 0500 0352 0752 0636 0465 2022 0501 0599 0324 0366 0466 0511 0666 0255 0582 0542 0817 0729 R aaaaaaaaaaaaaaaaaaaaaaaa
0416 2020 0501 0351 0753 0636 0465 2020 0501 0600 0320 0364 0466 0512 0666 0254 0582 0542 0816 0729 R aaaaaaaaaaaaaaaaaaaaaaaa
0417 2019 0501 0350 0754 0637 0465 2019 0502 0602 0316 0362 0466 0513 0667 0253 0582 0542 0816 0729 R aaaaaaaaaaaaaaaaaaaaaaaa
0418 2017 0502 0350 0755 0637 0466 2017 0502 0604 0312 0360 0466 0514 0667 0252 0582 0542 0816 0729 R aaaaaaaaaaaaaaaaaaaaaaaa
0419 2015 0503 0349 0756 0637 0466 2015 0502 0606 0309 0358 0465 0515 0667 0251 0582 0542 0816 0730 R aaaaaaaaaaaaaaaaaaaaaaaa
0420 2014 0504 0348 0757 0637 0466 2014 0503 0608 0305 0356 0465 0516 0667 0250 0582 0542 0816 0730 R aaaaaaaaaaaaaaaaaaaaaaaa
0421 2012 0504 0348 0758 0637 0466 2012 0503 0609 0301 0354 0465 0517 0667 0248 0582 0542 0816 0730 R aaaaaaaaaaaaaaaaaaaaaaaa
0422 2011 0505 0347 0759 0637 0466 2010 0504 0611 0296 0352 0465 0519 0667 0247 0582 0541 0815 0731 R aaaaaaaaaaaaaaaaaaaaaaaa
0423 2009 0506 0346 0760 0638 0466 2008 0504 0613 0292 0351 0465 0520 0667 0246 0582 0541 0815 0731 R aaaaaaaaaaaaaaaaaaaaaaaa
0424 2008 0506 0346 0761 0638 0466 2007 0505 0615 0288 0349 0465 0521 0667 0245 0582 0541 0815 0731 R aaaaaaaaaaaaaaaaaaaaaaaa
0425 2006 0507 0345 0762 0638 0466 2005 0505 0617 0284 0347 0464 0522 0667 0244 0581 0541 0815 0732 R aaaaaaaaaaaaaaaaaaaaaaaa
0426 2005 0508 0344 0763 0638 0467 2003 0506 0619 0280 0345 0464 0523 0667 0243 0581 0541 0815 0732 R aaaaaaaaaaaaaaaaaaaaaaaa
0427 2003 0509 0344 0764 0638 0467 2001 0506 0622 0276 0343 0464 0524 0668 0242 0581 0541 0814 0733 R aaaaaaaaaaaaaaaaaaaaaaaa
0428 2002 0509 0343 0765 0638 0467 2000 0506 0624 0273 0342 0464 0525 0668 0241 0581 0541 0814 0733 R aaaaaaaaaaaaaaaaaaaaaaaa
0429 2000 0510 0342 0766 0638 0467 1998 0507 0626 0269 0340 0464 0526 0668 0240 0580 0541 0814 0734 R aaaaaaaaaaaaaaaaaaaaaaaa
0430 1999 0511 0342 0766 0638 0467 1996 0507 0628 0265 0338 0463 0527 0668 0239 0580 0541 0813 0734 R aaaaaaaaaaaaaaaaaaaaaaaa
0431 1998 0511 0341 0767 0638 0467 1995 0507 0630 0261 0337 0463 0529 0668 0238 0579 0541 0813 0735 R aaaaaaaaaaaaaaaaaaaaaaaa
0432 1996 0512 0340 0768 0638 0467 1993 0508 0632 0258 0336 0463 0530 0668 0237 0579 0541 0813 0735 R aaaaaaaaaaaaaaaaaaaaaaaa
0433 1995 0512 0340 0769 0639 0467 1992 0508 0634 0254 0334 0463 0531 0668 0236 0578 0541 0813 0736 R aaaaaaaaaaaaaaaaaaaaaaaa
0434 1994 0513 0339 0770 0639 0468 1990 0508 0636 0251 0333 0463 0532 0668 0236 0578 0541 0812 0737 R aaaaaaaaaaaaaaaaaaaaaaaa
0435 1992 0514 0338 0771 0639 0468 1989 0509 0638 0247 0332 0463 0533 0668 0235 0577 0541 0812 0738 R aaaaaaaaaaaaaaaaaaaaaaaa
0436 1991 0514 0338 0771 0639 0468 1987 0509 0641 0244 0331 0462 0534 0668 0234 0577 0541 0811 0738 R aaaaaaaaaaaaaaaaaaaaaaaa
0437 1990 0515 0337 0772 0638 0468 1986 0509 0643 0241 0330 0462 0535 0668 0234 0576 0541 0811 0739 R aaaaaaaaaaaaaaaaaaaaaaaa
0438 1989 0515 0336 0773 0638 0468 1985 0509 0645 0238 0330 0462 0536 0668 0233 0576 0541 0811 0740 R aaaaaaaaaaaaaaaaaaaaaaaa
0439 1988 0516 0336 0773 0638 0468 1984 0510 0647 0235 0329 0462 0537 0668 0233 0575 0541 0810 0741 R aaaaaaaaaaaaaaaaaaaaaaaa
0440 1987 0516 0335 0774 0638 0468 1982 0510 0649 0233 0328 0462 0538 0668 0232 0574 0541 0810 0741 R aaaaaaaaaaaaaaaaaaaaaaaa
0441 1986 0517 0335 0775 0638 0468 1981 0510 0651 0230 0328 0462 0539 0668 0232 0573 0541 0809 0742 R aaaaaaaaaaaaaaaaaaaaaaaa
0442 1985 0517 0334 0775 0638 0469 1980 0510 0653 0228 0328 0462 0540 0668 0232 0573 0541 0809 0743 R aaaaaaaaaaaaaaaaaaaaaaaa
0443 1984 0517 0333 0776 0638 0469 1979 0511 0655 0226 0328 0462 0541 0668 0231 0572 0541 0809 0744 R aaaaaaaaaaaaaaaaaaaaaaaa
0444 1983 0518 0333 0776 0638 0469 1978 0511 0657 0224 0328 0462 0542 0668 0231 0571 0542 0808 0745 R aaaaaaaaaaaaaaaaaaaaaaaa
0445 1982 0518 0332 0776 0638 0469 1977 0511 0659 0222 0328 0462 0543 0668 0231 0570 0542 0808 0746 R aaaaaaaaaaaaaaaaaaaaaaaa
0446 1982 0518 0332 0777 0637 0469 1977 0511 0661 0220 0328 0462 0544 0668 0231 0569 0542 0807 0746 R aaaaaaaaaaaaaaaaaaaaaaaa
0447 1981 0519 0332 0777 0637 0469 1976 0511 0662 0219 0329 0462 0544 0668 0231 0569 0542 0807 0747 R aaaaaaaaaaaaaaaaaaaaaaaa
0448 1980 0519 0331 0777 0637 0469 1975 0511 0664 0218 0329 0462 0545 0668 0231 0568 0542 0806 0748 R aaaaaaaaaaaaaaaaaaaaaaaa
0449 1980 0519 0331 0777 0637 0469 1975 0511 0666 0217 0330 0462 0546 0667 0231 0567 0542 0805 0749 R aaaaaaaaaaaaaaaaaaaaaaaa
0450 1979 0519 0330 0778 0636 0469 1974 0512 0667 0216 0331 0462 0546 0667 0231 0566 0542 0805 0750 R aaaaaaaaaaaaaaaaaaaaaaaa
0451 1979 0519 0330 0778 0636 0470 1974 0512 0669 0215 0332 0462 0547 0667 0231 0565 0542 0804 0751 R aaaaaaaaaaaaaaaaaaaaaaaa
0452 1979 0519 0330 0778 0636 0470 1973 0512 0670 0215 0333 0462 0548 0667 0232 0564 0542 0804 0752 R aaaaaaaaaaaaaaaaaaaaaaaa
0453 1978 0519 0329 0778 0635 0470 1973 0512 0672 0215 0334 0462 0548 0667 0232 0563 0542 0803 0753 R aaaaaaaaaaaaaaaaaaaaaaaa
0454 1978 0519 0329 0778 0635 0470 1973 0512 0673 0215 0335 0462 0549 0667 0232 0562 0542 0803 0754 R aaaaaaaaaaaaaaaaaaaaaaaa
0455 1978 0519 0329 0777 0635 0470 1973 0512 0674 0215 0337 0463 0549 0667 0233 0561 0542 0802 0754 R aaaaaaaaaaaaaaaaaaaaaaaa
0456 1978 0519 0329 0777 0634 0470 1973 0512 0675 0215 0338 0463 0549 0666 0233 0560 0542 0801 0755 R aaaaaaaaaaaaaaaaaaaaaaaa
0457 1977 0519 0329 0777 0634 0470 1973 0512 0676 0216 0340 0463 0550 0666 0234 0560 0542 0801 0756 R aaaaaaaaaaaaaaaaaaaaaaaa
0458 1977 0519 0329 0777 0633 0471 1973 0512 0677 0217 0342 0463 0550 0666 0235 0559 0542 0800 0757 R aaaaaaaaaaaaaaaaaaaaaaaa
0459 1977 0519 0328 0776 0633 0471 1973 0512 0678 0218 0344 0464 0550 0666 0235 0558 0542 0800 0758 R aaaaaaaaaaaaaaaaaaaaaaaa
0460 1977 0519 0328 0776 0633 0471 1973 0512 0679 0219 0346 0464 0550 0665 0236 0557 0542 0799 0759 R aaaaaaaaaaaaaaaaaaaaaaaa
0461 1978 0519 0328 0775 0632 0471 1973 0512 0680 0220 0348 0464 0550 0665 0237 0556 0542 0799 0760 R aaaaaaaaaaaaaaaaaaaaaaaa
0462 1978 0518 0328 0775 0632 0471 1973 0512 0680 0222 0350 0465 0550 0665 0237 0555 0542 0798 0760 R aaaaaaaaaaaaaaaaaaaaaaaa
0463 1978 0518 0328 0774 0631 0471 1974 0512 0681 0224 0352 0465 0550 0664 0238 0554 0541 0798 0761 R aaaaaaaaaaaaaaaaaaaaaaaa
0464 1978 0518 0328 0774 0631 0471 1974 0512 0681 0225 0354 0466 0550 0664 0239 0553 0541 0797 0762 R aaaaaaaaaaaaaaaaaaaaaaaa
0465 1978 0517 0329 0773 0630 0472 1975 0512 0681 0227 0356 0466 0550 0664 0240 0553 0541 0797 0763 R aaaaaaaaaaaaaaaaaaaaaaaa
0466 1979 0517 0329 0773 0630 0472 1975 0512 0682 0229 0358 0467 0549 0663 0240 0552 0541 0796 0764 R aaaaaaaaaaaaaaaaaaaaaaaa
0467 1979 0517 0329 0772 0629 0472 1976 0512 0682 0232 0361 0467 0549 0663 0241 0551 0540 0796 0764 R aaaaaaaaaaaaaaaaaaaaaaaa
0468 1979 0516 0329 0771 0629 0472 1976 0512 0682 0234 0363 0468 0549 0662 0242 0550 0540 0795 0765 R aaaaaaaaaaaaaaaaaaaaaaaa
0469 1980 0516 0329 0770 0628 0473 1977 0512 0682 0236 0365 0468 0548 0662 0243 0549 0540 0795 0766 R aaaaaaaaaaaaaaaaaaaaaaaa
0470 1980 0516 0329 0770 0628 0473 1977 0512 0682 0239 0367 0469 0548 0661 0244 0549 0539 0794 0767 R aaaaaaaaaaaaaaaaaaaaaaaa
0471 1981 0515 0330 0769 0627 0473 1978 0511 0681 0241 0370 0469 0547 0661 0244 0548 0539 0794 0767 R aaaaaaaaaaaaaaaaaaaaaaaa
0472 1981 0515 0330 0768 0627 0473 1979 0511 0681 0244 0372 0470 0547 0660 0245 0547 0538 0794 0768 R aaaaaaaaaaaaaaaaaaaaaaaa
0473 1981 0514 0330 0767 0626 0474 1979 0511 0681 0247 0374 0470 0546 0659 0246 0546 0538 0793 0769 R aaaaaaaaaaaaaaaaaaaaaaaa
0474 1982 0514 0330 0766 0626 0474 1980 0511 0680 0250 0377 0471 0545 0659 0247 0546 0537 0793 0769 R aaaaaaaaaaaaaaaaaaaaaaaa
0475 1982 0513 0331 0765 0625 0474 1981 0511 0680 0252 0379 0472 0544 0658 0247 0545 0536 0793 0770 R aaaaaaaaaaaaaaaaaaaaaaaa
0476 1983 0513 0331 0765 0625 0475 1981 0511 0679 0255 0381 0472 0544 0657 0248 0545 0535 0792 0771 R aaaaaaaaaaaaaaaaaaaaaaaa
0477 1983 0513 0331 0764 0625 0475 1982 0510 0678 0258 0383 0473 0543 0656 0249 0544 0535 0792 0771 R aaaaaaaaaaaaaaaaaaaaaaaa
0478 1984 0512 0332 0763 0624 0475 1983 0510 0678 0261 0385 0473 0542 0656 0249 0543 0534 0792 0772 R aaaaaaaaaaaaaaaaaaaaaaaa
0479 1985 0512 0332 0762 0624 0476 1983 0510 0677 0264 0387 0474 0541 0655 0250 0543 0533 0792 0773 R aaaaaaaaaaaaaaaaaaaaaaaa
0480 1985 0511 0332 0761 0623 0476 1984 0510 0676 0267 0389 0475 0540 0654 0250 0542 0532 0792 0773 R aaaaaaaaaaaaaaaaaaaaaaaa
0481 1986 0511 0333 0760 0623 0477 1985 0509 0676 0270 0391 0475 0539 0653 0251 0542 0531 0792 0774 R aaaaaaaaaaaaaaaaaaaaaaaa
0482 1986 0510 0333 0759 0622 0477 1985 0509 0675 0272 0393 0476 0538 0652 0251 0541 0530 0792 0775 R aaaaaaaaaaaaaaaaaaaaaaaa
0483 1987 0510 0334 0758 0622 0478 1986 0509 0674 0275 0395 0477 0537 0651 0251 0541 0529 0792 0775 R aaaaaaaaaaaaaaaaaaaaaaaa
0484 1987 0509 0334 0757 0621 0478 1987 0509 0673 0278 0397 0477 0536 0650 0252 0540 0528 0792 0776 R aaaaaaaaaaaaaaaaaaaaaaaa
0485 1988 0509 0334 0756 0621 0479 1988 0508 0672 0281 0398 0478 0534 0649 0252 0540 0526 0792 0777 R aaaaaaaaaaaaaaaaaaaaaaaa
0486 1989 0509 0335 0755 0621 0479 1988 0508 0671 0283 0400 0479 0533 0647 0252 0540 0525 0792 0777 R aaaaaaaaaaaaaaaaaaaaaaaa
0487 1989 0508 0335 0755 0620 0480 1989 0508 0671 0285 0402 0479 0532 0646 0252 0539 0524 0792 0778 R aaaaaaaaaaaaaaaaaaaaaaaa
0488 1990 0508 0336 0754 0620 0480 1990 0508 0670 0288 0403 0480 0531 0645 0252 0539 0522 0792 0778 R aaaaaaaaaaaaaaaaaaaaaaaa
0489 1990 0507 0336 0753 0620 0481 1990 0507 0669 0290 0404 0481 0530 0644 0253 0538 0521 0792 0779 R aaaaaaaaaaaaaaaaaaaaaaaa
0490 1991 0507 0336 0752 0619 0481 1991 0507 0668 0292 0406 0481 0528 0643 0252 0538 0520 0792 0780 R aaaaaaaaaaaaaaaaaaaaaaaa
0491 1992 0507 0337 0751 0619 0482 1992 0507 0668 0294 0407 0482 0527 0641 0252 0538 0518 0793 0780 R aaaaaaaaaaaaaaaaaaaaaaaa
0492 1992 0507 0337 0751 0619 0483 1992 0507 0667 0295 0408 0483 0526 0640 0252 0537 0516 0793 0781 R aaaaaaaaaaaaaaaaaaaaaaaa
0493 1993 0506 0338 0750 0618 0483 1993 0507 0667 0297 0409 0484 0525 0639 0252 0537 0515 0793 0781 R aaaaaaaaaaaaaaaaaaaaaaaa
0494 1994 0506 0338 0749 0618 0484 1994 0506 0666 0298 0409 0484 0523 0637 0252 0537 0513 0793 0782 R aaaaaaaaaaaaaaaaaaaaaaaa
0495 1994 0506 0338 0749 0618 0485 1995 0506 0666 0299 0410 0485 0522 0636 0251 0536 0512 0794 0782 R aaaaaaaaaaaaaaaaaaaaaaaa
0496 1995 0506 0338 0748 0618 0485 1996 0506 0666 0300 0410 0486 0521 0635 0251 0536 0510 0794 0783 R aaaaaaaaaaaaaaaaaaaaaaaa
0497 1996 0506 0339 0748 0618 0486 1996 0506 0666 0300 0411 0486 0520 0633 0250 0536 0508 0794 0783 R aaaaaaaaaaaaaaaaaaaaaaaa
0498 1997 0506 0339 0747 0618 0487 1997 0506 0666 0301 0411 0487 0519 0632 0249 0536 0507 0794 0783 R aaaaaaaaaaaaaaaaaaaaaaaa
0499 1998 0506 0339 0747 0617 0487 1998 0506 0666 0301 0411 0488 0517 0631 0249 0535 0505 0794 0784 R aaaaaaaaaaaaaaaaaaaaaaaa
0500 1999 0506 0339 0747 0617 0488 1999 0506 0666 0300 0411 0489 0516 0629 0248 0535 0503 0795 0784 R aaaaaaaaaaaaaaaaaaaaaaaa
0501 2000 0506 0339 0747 0617 0489 2000 0506 0666 0300 0411 0489 0515 0628 0247 0535 0501 0795 0784 B aaaaaaaaaaaaaaaaaaaaaaaa
0502 2001 0506 0339 0746 0617 0490 2001 0507 0667 0299 0410 0490 0514 0627 0246 0535 0499 0795 0785 B aaaaaaaaaaaaaaaaaaaaaaaa
0503 2002 0506 0339 0746 0617 0490 2002 0507 0667 0298 0410 0491 0513 0625 0245 0534 0498 0795 0785 B aaaaaaaaaaaaaaaaaaaaaaaa
0504 2003 0507 0339 0746 0617 0491 2003 0507 0668 0298 0410 0491 0512 0624 0244 0534 0496 0795 0785 B aaaaaaaaaaaaaaaaaaaaaaaa
0505 2004 0507 0340 0746 0617 0492 2004 0507 0668 0297 0410 0492 0511 0623 0244 0534 0494 0795 0786 B aaaaaaaaaaaaaaaaaaaaaaaa
0506 2005 0507 0340 0746 0617 0493 2005 0507 0669 0296 0409 0493 0510 0621 0243 0533 0493 0795 0786 B aaaaaaaaaaaaaaaaaaaaaaaa
0507 2006 0507 0340 0746 0617 0493 2006 0507 0669 0295 0409 0494 0510 0620 0242 0533 0491 0795 0786 B aaaaaaaaaaaaaaaaaaaaaaaa
0508 2007 0507 0340 0746 0617 0494 2007 0507 0670 0295 0409 0494 0509 0619 0241 0533 0489 0795 0787 B aaaaaaaaaaaaaaaaaaaaaaaa
0509 2008 0507 0340 0745 0617 0495 2008 0508 0670 0294 0409 0495 0508 0617 0240 0532 0488 0795 0787 B aaaaaaaaaaaaaaaaaaaaaaaa
0510 2009 0508 0340 0745 0617 0496 2009 0508 0671 0294 0408 0496 0507 0616 0240 0532 0486 0795 0787 B aaaaaaaaaaaaaaaaaaaaaaaa
0511 2010 0508 0340 0745 0617 0496 2010 0508 0671 0293 0408 0496 0506 0615 0239 0531 0484 0795 0788 B aaaaaaaaaaaaaaaaaaaaaaaa
0512 2011 0508 0340 0745 0617 0497 2011 0508 0672 0292 0408 0497 0505 0613 0238 0531 0483 0795 0788 B aaaaaaaaaaaaaaaaaaaaaaaa
0513 2012 0508 0340 0745 0617 0498 2012 0508 0672 0292 0408 0498 0504 0612 0238 0531 0481 0795 0788 B aaaaaaaaaaaaaaaaaaaaaaaa
0514 2012 0508 0341 0744 0617 0498 2013 0508 0672 0291 0408 0498 0504 0611 0237 0530 0480 0795 0789 B aaaaaaaaaaaaaaaaaaaaaaaa
0515 2013 0508 0341 0744 0617 0499 2013 0508 0673 0291 0407 0499 0503 0610 0236 0530 0479 0795 0789 B aaaaaaaaaaaaaaaaaaaaaaaa
0516 2014 0508 0341 0744 0617 0500 2014 0509 0673 0290 0407 0500 0502 0609 0236 0529 0477 0795 0789 B aaaaaaaaaaaaaaaaaaaaaaaa
0517 2015 0509 0341 0744 0617 0500 2015 0509 0673 0290 0407 0500 0501 0607 0235 0529 0476 0795 0789 B aaaaaaaaaaaaaaaaaaaaaaaa
0518 2016 0509 0341 0744 0617 0501 2016 0509 0674 0289 0407 0501 0501 0606 0235 0529 0475 0795 0790 B aaaaaaaaaaaaaaaaaaaaaaaa
0519 2017 0509 0341 0743 0617 0501 2017 0509 0674 0289 0407 0501 0500 0605 0234 0528 0474 0794 0790 B aaaaaaaaaaaaaaaaaaaaaaaa
0520 2018 0509 0341 0743 0617 0502 2018 0509 0674 0289 0407 0502 0499 0604 0234 0528 0472 0794 0790 B aaaaaaaaaaaaaaaaaaaaaaaa
0521 2019 0509 0342 0743 0617 0502 2019 0509 0675 0288 0407 0502 0499 0603 0233 0527 0471 0794 0791 B aaaaaaaaaaaaaaaaaaaaaaaa
0522 2019 0509 0342 0743 0617 0503 2019 0509 0675 0288 0406 0503 0498 0602 0233 0527 0470 0794 0791 B aaaaaaaaaaaaaaaaaaaaaaaa
0523 2020 0509 0342 0743 0617 0503 2020 0509 0675 0288 0406 0503 0498 0601 0232 0527 0469 0794 0791 B aaaaaaaaaaaaaaaaaaaaaaaa
0524 2021 0509 0342 0742 0617 0504 2021 0509 0675 0287 0406 0504 0497 0600 0232 0526 0468 0794 0791 B aaaaaaaaaaaaaaaaaaaaaaaa
0525 2021 0509 0342 0742 0616 0504 2021 0509 0676 0287 0406 0504 0497 0599 0232 0526 0467 0794 0792 B aaaaaaaaaaaaaaaaaaaaaaaa
0526 2022 0510 0342 0742 0616 0505 2022 0510 0676 0287 0406 0505 0496 0599 0231 0525 0466 0793 0792 B aaaaaaaaaaaaaaaaaaaaaaaa
0527 2023 0510 0342 0742 0616 0505 2023 0510 0676 0286 0406 0505 0496 0598 0231 0525 0465 0793 0792 B aaaaaaaaaaaaaaaaaaaaaaaa
0528 2023 0510 0342 0742 0616 0505 2023 0510 0676 0286 0406 0505 0495 0597 0231 0525 0465 0793 0792 B aaaaaaaaaaaaaaaaaaaaaaaa
0529 2024 0510 0343 0742 0616 0506 2024 0510 0676 0286 0406 0506 0495 0596 0230 0524 0464 0793 0792 B aaaaaaaaaaaaaaaaaaaaaaaa
0530 2025 0510 0343 0741 0616 0506 2024 0510 0676 0286 0406 0506 0495 0596 0230 0524 0463 0793 0793 B aaaaaaaaaaaaaaaaaaaaaaaa
0531 2025 0510 0343 0741 0616 0507 2025 0510 0677 0285 0406 0506 0494 0595 0230 0524 0462 0793 0793 B aaaaaaaaaaaaaaaaaaaaaaaa
0532 2026 0510 0343 0741 0616 0507 2026 0510 0677 0285 0406 0507 0494 0594 0230 0523 0462 0792 0793 B aaaaaaaaaaaaaaaaaaaaaaaa
0533 2026 0510 0343 0741 0616 0507 2026 0510 0677 0285 0406 0507 0494 0594 0229 0523 0461 0792 0793 B aaaaaaaaaaaaaaaaaaaaaaaa
0534 2026 0510 0343 0741 0616 0507 2026 0510 0677 0285 0406 0507 0493 0593 0229 0523 0461 0792 0793 B aaaaaaaaaaaaaaaaaaaaaaaa
0535 2027 0510 0343 0741 0616 0508 2027 0510 0677 0285 0405 0508 0493 0592 0229 0523 0460 0792 0793 B aaaaaaaaaaaaaaaaaaaaaaaa
0536 2027 0510 0343 0741 0616 0508 2027 0510 0677 0284 0405 0508 0493 0592 0229 0522 0460 0792 0793 B aaaaaaaaaaaaaaaaaaaaaaaa
0537 2028 0510 0343 0740 0616 0508 2028 0510 0677 0284 0405 0508 0493 0591 0229 0522 0459 0792 0794 B aaaaaaaaaaaaaaaaaaaaaaaa
0538 2028 0510 0343 0740 0616 0508 2028 0510 0677 0284 0405 0508 0492 0591 0229 0522 0459 0792 0794 B aaaaaaaaaaaaaaaaaaaaaaaa
0539 2028 0510 0343 0740 0616 0509 2028 0510 0678 0284 0405 0509 0492 0591 0228 0522 0458 0792 0794 B aaaaaaaaaaaaaaaaaaaaaaaa
0540 2029 0510 0343 0740 0616 0509 2029 0510 0678 0284 0405 0509 0492 0590 0228 0522 0458 0792 0794 B aaaaaaaaaaaaaaaaaaaaaaaa
0541 2029 0510 0344 0740 0616 0509 2029 0510 0678 0284 0405 0509 0492 0590 0228 0521 0457 0791 0794 B aaaaaaaaaaaaaaaaaaaaaaaa
0542 2029 0510 0344 0740 0616 0509 2029 0510 0678 0284 0405 0509 0492 0589 0228 0521 0457 0791 0794 B aaaaaaaaaaaaaaaaaaaaaaaa
0543 2029 0510 0344 0740 0616 0509 2029 0510 0678 0284 0405 0509 0491 0589 0228 0521 0457 0791 0794 B aaaaaaaaaaaaaaaaaaaaaaaa
0544 2030 0511 0344 0740 0616 0510 2030 0510 0678 0284 0405 0509 0491 0589 0228 0521 0456 0791 0794 B aaaaaaaaaaaaaaaaaaaaaaaa
0545 2030 0511 0344 0740 0616 0510 2030 0510 0678 0283 0405 0510 0491 0588 0228 0521 0456 0791 0794 B aaaaaaaaaaaaaaaaaaaaaaaa
0546 2030 0511 0344 0740 0616 0510 2030 0511 0678 0283 0405 0510 0491 0588 0228 0521 0456 0791 0794 B aaaaaaaaaaaaaaaaaaaaaaaa
0547 2030 0511 0344 0739 0616 0510 2030 0511 0678 0283 0405 0510 0491 0588 0228 0520 0456 0791 0794 B aaaaaaaaaaaaaaaaaaaaaaaa
0548 2031 0511 0344 0739 0616 0510 2031 0511 0678 0283 0405 0510 0491 0588 0228 0520 0455 0791 0795 B aaaaaaaaaaaaaaaaaaaaaaaa
0549 2031 0511 0344 0739 0616 0510 2031 0511 0678 0283 0405 0510 0491 0587 0227 0520 0455 0791 0795 B aaaaaaaaaaaaaaaaaaaaaaaa
0550 2031 0511 0344 0739 0616 0510 2031 0511 0678 0283 0405 0510 0491 0587 0227 0520 0455 0791 0795 B aaaaaaaaaaaaaaaaaaaaaaaa
0551 2031 0511 0344 0739 0616 0510 2031 0511 0678 0283 0405 0510 0491 0587 0227 0520 0455 0791 0795 B aaaaaaaaaaaaaaaaaaaaaaaa
0552 2031 0511 0344 0739 0616 0510 2031 0511 0678 0283 0405 0510 0490 0587 0227 0520 0455 0791 0795 B aaaaaaaaaaaaaaaaaaaaaaaa
0553 2031 0511 0344 0739 0616 0511 2031 0511 0678 0283 0405 0511 0490 0587 0227 0520 0454 0791 0795 B aaaaaaaaaaaaaaaaaaaaaaaa
0554 2031 0511 0344 0739 0616 0511 2031 0511 0678 0283 0405 0511 0490 0586 0227 0520 0454 0791 0795 B aaaaaaaaaaaaaaaaaaaaaaaa
0555 2032 0511 0344 0739 0616 0511 2032 0511 0678 0283 0405 0511 0490 0586 0227 0520 0454 0791 0795 B aaaaaaaaaaaaaaaaaaaaaaaa
0556 2032 0511 0344 0739 0616 0511 2032 0511 0679 0283 0405 0511 0490 0586 0227 0520 0454 0790 0795 B aaaaaaaaaaaaaaaaaaaaaaaa
0557 2032 0511 0344 0739 0616 0511 2032 0511 0679 0283 0405 0511 0490 0586 0227 0520 0454 0790 0795 B aaaaaaaaaaaaaaaaaaaaaaaa
0558 2032 0511 0344 0739 0616 0511 2032 0511 0679 0283 0405 0511 0490 0586 0227 0519 0454 0790 0795 B aaaaaaaaaaaaaaaaaaaaaaaa
0559 2032 0511 0344 0739 0616 0511 2032 0511 0679 0283 0405 0511 0490 0586 0227 0519 0454 0790 0795 B aaaaaaaaaaaaaaaaaaaaaaaa
0560 2032 0511 0344 0739 0616 0511 2032 0511 0679 0283 0405 0511 0490 0586 0227 0519 0453 0790 0795 B aaaaaaaaaaaaaaaaaaaaaaaa
0561 2032 0511 0344 0739 0616 0511 2032 0511 0679 0283 0405 0511 0490 0585 0227 0519 0453 0790 0795 B aaaaaaaaaaaaaaaaaaaaaaaa
0562 2032 0511 0344 0739 0616 0511 2032 0511 0679 0283 0405 0511 0490 0585 0227 0519 0453 0790 0795 B aaaaaaaaaaaaaaaaaaaaaaaa
0563 2032 0511 0344 0739 0616 0511 2032 0511 0679 0283 0405 0511 0490 0585 0227 0519 0453 0790 0795 B aaaaaaaaaaaaaaaaaaaaaaaa
0564 2032 0511 0344 0739 0616 0511 2032 0511 0679 0283 0405 0511 0490 0585 0227 0519 0453 0790 0795 B aaaaaaaaaaaaaaaaaaaaaaaa
0565 2032 0511 0344 0739 0616 0511 2032 0511 0679 0283 0405 0511 0490 0585 0227 0519 0453 0790 0795 B aaaaaaaaaaaaaaaaaaaaaaaa
0566 2033 0511 0344 0739 0616 0511 2033 0511 0679 0283 0405 0511 0490 0585 0227 0519 0453 0790 0795 B aaaaaaaaaaaaaaaaaaaaaaaa
0567 2033 0511 0344 0739 0616 0511 2033 0511 0679 0283 0405 0511 0490 0585 0227 0519 0453 0790 0795 B aaaaaaaaaaaaaaaaaaaaaaaa
0568 2033 0511 0344 0739 0615 0511 2033 0511 0679 0283 0405 0511 0490 0585 0227 0519 0453 0790 0795 B aaaaaaaaaaaaaaaaaaaaaaaa
0569 2033 0511 0344 0739 0615 0511 2033 0511 0679 0282 0405 0511 0490 0585 0227 0519 0453 0790 0795 B aaaaaaaaaaaaaaaaaaaaaaaa
0570 2033 0511 0344 0739 0615 0511 2033 0511 0679 0282 0405 0511 0490 0585 0227 0519 0453 0790 0795 B aaaaaaaaaaaaaaaaaaaaaaaa
0571 2033 0511 0344 0739 0615 0511 2033 0511 0679 0282 0405 0511 0490 0585 0227 0519 0453 0790 0795 B aaaaaaaaaaaaaaaaaaaaaaaa
0572 2033 0511 0344 0739 0615 0511 2033 0511 0679 0282 0405 0511 0489 0585 0227 0519 0453 0790 0795 B aaaaaaaaaaaaaaaaaaaaaaaa
0573 2033 0511 0344 0739 0615 0511 2033 0511 0679 0282 0405 0511 0489 0585 0227 0519 0452 0790 0795 B aaaaaaaaaaaaaaaaaaaaaaaa
0574 2033 0511 0344 0739 0615 0512 2033 0511 0679 0282 0405 0511 0489 0585 0227 0519 0452 0790 0795 B aaaaaaaaaaaaaaaaaaaaaaaa
0575 2033 0511 0344 0739 0615 0512 2033 0511 0679 0282 0405 0512 0489 0584 0227 0519 0452 0790 0795 B aaaaaaaaaaaaaaaaaaaaaaaa
0576 2033 0511 0344 0739 0615 0512 2033 0511 0679 0282 0405 0512 0489 0584 0227 0519 0452 0790 0795 B aaaaaaaaaaaaaaaaaaaaaaaa
0577 2033 0511 0344 0739 0615 0512 2033 0511 0679 0282 0405 0512 0489 0584 0227 0519 0452 0790 0795 B aaaaaaaaaaaaaaaaaaaaaaaa
0578 2033 0511 0344 0739 0615 0512 2033 0511 0679 0282 0405 0512 0489 0584 0227 0519 0452 0790 0795 B aaaaaaaaaaaaaaaaaaaaaaaa
0579 2033 0511 0344 0739 0615 0512 2033 0511 0679 0282 0405 0512 0489 0584 0227 0519 0452 0790 0795 B aaaaaaaaaaaaaaaaaaaaaaaa
0580 2033 0511 0344 0739 0615 0512 2033 0511 0679 0282 0405 0512 0489 0584 0227 0519 0452 0790 0795 B aaaaaaaaaaaaaaaaaaaaaaaa
0581 2033 0511 0344 0739 0615 0512 2033 0511 0679 0282 0405 0512 0489 0584 0227 0519 0452 0790 0795 B aaaaaaaaaaaaaaaaaaaaaaaa
0582 2033 0511 0344 0739 0615 0512 2033 0511 0679 0282 0405 0512 0489 0584 0227 0519 0452 0790 0795 B aaaaaaaaaaaaaaaaaaaaaaaa
0583 2033 0511 0344 0739 0615 0512 2033 0511 0679 0282 0405 0512 0489 0584 0227 0519 0452 0790 0795 B aaaaaaaaaaaaaaaaaaaaaaaa
0584 2033 0511 0345 0739 0615 0512 2033 0511 0679 0282 0405 0512 0489 0584 0227 0519 0452 0790 0795 B aaaaaaaaaaaaaaaaaaaaaaaa
0585 2033 0511 0345 0739 0615 0512 2033 0511 0679 0282 0405 0512 0489 0584 0227 0519 0452 0790 0795 B aaaaaaaaaaaaaaaaaaaaaaaa
0586 2033 0511 0345 0739 0615 0512 2033 0511 0679 0282 0405 0512 0489 0584 0227 0519 0452 0790 0795 B aaaaaaaaaaaaaaaaaaaaaaaa
0587 2033 0511 0345 0739 0615 0512 2033 0511 0679 0282 0405 0512 0489 0584 0227 0519 0452 0790 0795 B aaaaaaaaaaaaaaaaaaaaaaaa
0588 2033 0511 0345 0739 0615 0512 2033 0511 0679 0282 0405 0512 0489 0584 0227 0519 0452 0790 0795 B aaaaaaaaaaaaaaaaaaaaaaaa
0589 2033 0511 0345 0739 0615 0512 2033 0511 0679 0282 0405 0512 0489 0584 0227 0519 0452 0790 0795 B aaaaaaaaaaaaaaaaaaaaaaaa
0590 2033 0511 0345 0739 0615 0512 2033 0511 0679 0282 0405 0512 0489 0584 0227 0519 0452 0790 0795 B aaaaaaaaaaaaaaaaaaaaaaaa
0591 2033 0511 0345 0739 0615 0512 2033 0511 0679 0282 0405 0512 0489 0584 0226 0519 0452 0790 0795 B aaaaaaaaaaaaaaaaaaaaaaaa
0592 2033 0511 0345 0738 0615 0512 2033 0511 0679 0282 0405 0512 0489 0584 0226 0519 0452 0790 0795 B aaaaaaaaaaaaaaaaaaaaaaaa
0593 2033 0511 0345 0738 0615 0512 2033 0511 0679 0282 0405 0512 0489 0584 0226 0519 0452 0790 0795 B aaaaaaaaaaaaaaaaaaaaaaaa
0594 2033 0511 0345 0738 0615 0512 2033 0511 0679 0282 0405 0512 0489 0584 0226 0519 0452 0790 0795 B aaaaaaaaaaaaaaaaaaaaaaaa
0595 2033 0511 0345 0738 0615 0512 2033 0511 0679 0282 0405 0512 0489 0584 0226 0519 0452 0790 0795 B aaaaaaaaaaaaaaaaaaaaaaaa
0596 2033 0511 0345 0738 0615 0512 2033 0511 0679 0282 0405 0512 0489 0584 0226 0519 0452 0790 0795 B aaaaaaaaaaaaaaaaaaaaaaaa
0597 2033 0511 0345 0738 0615 0512 2033 0511 0679 0282 0405 0512 0489 0584 0226 0518 0452 0790 0795 B aaaaaaaaaaaaaaaaaaaaaaaa
0598 2033 0511 0345 0738 0615 0512 2033 0511 0679 0282 0405 0512 0489 0584 0226 0518 0452 0790 0795 B aaaaaaaaaaaaaaaaaaaaaaaa
0599 2033 0511 0345 0738 0615 0512 2033 0511 0679 0282 0405 0512 0489 0584 0226 0518 0452 0790 0795 B aaaaaaaaaaaaaaaaaaaaaaaa
0600 2033 0511 0345 0738 0615 0512 2033 0511 0679 0282 0405 0512 0489 0584 0226 0518 0452 0790 0795 B aaaaaaaaaaaaaaaaaaaaaaaa
0601 2033 0511 0345 0738 0615 0512 2033 0511 0679 0282 0405 0512 0489 0584 0226 0518 0452 0790 0795 B aaaaaaaaaaaaaaaaaaaaaaaa
0602 2034 0511 0345 0739 0615 0512 2034 0511 0679 0282 0405 0512 0489 0584 0227 0519 0452 0790 0795 B aaaaaaaaaaaaaaaaaaaaaaaa
0603 2034 0511 0345 0739 0616 0512 2034 0511 0679 0282 0405 0512 0490 0584 0227 0519 0452 0790 0795 B aaaaaaaaaaaaaaaaaaaaaaaa
0604 2034 0511 0345 0739 0616 0512 2034 0511 0679 0282 0405 0512 0490 0584 0227 0519 0451 0790 0795 B aaaaaaaaaaaaaaaaaaaaaaaa
0605 2035 0511 0345 0739 0616 0512 2035 0511 0679 0282 0405 0512 0490 0583 0227 0519 0451 0790 0795 B aaaaaaaaaaaaaaaaaaaaaaaa
0606 2035 0511 0345 0739 0616 0512 2035 0511 0679 0282 0405 0512 0490 0583 0227 0519 0451 0790 0794 B aaaaaaaaaaaaaaaaaaaaaaaa
0607 2035 0511 0345 0739 0616 0512 2035 0511 0679 0282 0405 0512 0490 0583 0227 0519 0451 0790 0794 B aaaaaaaaaaaaaaaaaaaaaaaa
0608 2035 0511 0345 0739 0616 0512 2035 0511 0679 0282 0405 0512 0490 0583 0227 0520 0451 0790 0794 B aaaaaaaaaaaaaaaaaaaaaaaa
0609 2036 0511 0345 0739 0616 0512 2036 0511 0679 0283 0405 0512 0491 0583 0227 0520 0451 0791 0794 B aaaaaaaaaaaaaaaaaaaaaaaa
0610 2036 0511 0345 0739 0616 0512 2036 0511 0679 0283 0405 0512 0491 0583 0227 0520 0451 0791 0794 B aaaaaaaaaaaaaaaaaaaaaaaa
0611 2036 0511 0345 0739 0616 0512 2036 0511 0679 0283 0405 0512 0491 0583 0227 0520 0451 0791 0793 B aaaaaaaaaaaaaaaaaaaaaaaa
0612 2037 0511 0345 0739 0616 0512 2037 0511 0679 0283 0405 0512 0491 0583 0227 0520 0451 0791 0793 B aaaaaaaaaaaaaaaaaaaaaaaa
0613 2037 0511 0345 0739 0616 0512 2037 0511 0679 0283 0405 0512 0491 0582 0227 0520 0450 0791 0793 B aaaaaaaaaaaaaaaaaaaaaaaa
0614 2037 0511 0345 0739 0616 0512 2037 0511 0679 0283 0405 0512 0491 0582 0227 0521 0450 0791 0793 B aaaaaaaaaaaaaaaaaaaaaaaa
0615 2038 0511 0345 0739 0616 0512 2038 0511 0679 0283 0405 0512 0492 0582 0228 0521 0450 0791 0792 B aaaaaaaaaaaaaaaaaaaaaaaa
0616 2038 0511 0345 0739 0616 0512 2038 0511 0679 0283 0405 0512 0492 0582 0228 0521 0450 0791 0792 B aaaaaaaaaaaaaaaaaaaaaaaa
0617 2038 0511 0345 0739 0616 0512 2038 0511 0679 0283 0405 0512 0492 0582 0228 0521 0450 0791 0792 B aaaaaaaaaaaaaaaaaaaaaaaa
0618 2038 0511 0345 0739 0616 0512 2038 0511 0679 0283 0405 0512 0492 0582 0228 0521 0450 0791 0792 B aaaaaaaaaaaaaaaaaaaaaaaa
0619 2039 0511 0345 0739 0616 0512 2039 0511 0679 0283 0405 0512 0492 0582 0228 0521 0450 0791 0792 B aaaaaaaaaaaaaaaaaaaaaaaa
0620 2039 0511 0345 0739 0616 0512 2039 0511 0679 0283 0406 0512 0492 0582 0228 0522 0450 0791 0791 B aaaaaaaaaaaaaaaaaaaaaaaa
0621 2039 0511 0345 0739 0616 0512 2039 0511 0679 0283 0406 0512 0493 0582 0228 0522 0449 0791 0791 B aaaaaaaaaaaaaaaaaaaaaaaa
0622 2040 0511 0345 0739 0616 0512 2040 0511 0679 0283 0406 0512 0493 0581 0228 0522 0449 0792 0791 B aaaaaaaaaaaaaaaaaaaaaaaa
0623 2040 0511 0345 0739 0616 0512 2040 0511 0679 0283 0406 0512 0493 0581 0228 0522 0449 0792 0791 B aaaaaaaaaaaaaaaaaaaaaaaa
0624 2040 0511 0345 0739 0616 0512 2040 0511 0679 0283 0406 0512 0493 0581 0228 0522 0449 0792 0791 B aaaaaaaaaaaaaaaaaaaaaaaa
0625 2041 0511 0345 0739 0616 0512 2041 0511 0679 0283 0406 0512 0493 0581 0228 0522 0449 0792 0790 B aaaaaaaaaaaaaaaaaaaaaaaa
0626 2041 0511 0345 0739 0616 0512 2041 0511 0679 0283 0406 0512 0493 0581 0228 0523 0449 0792 0790 B aaaaaaaaaaaaaaaaaaaaaaaa
0627 2041 0511 0345 0739 0616 0512 2041 0511 0679 0283 0406 0512 0494 0581 0228 0523 0449 0792 0790 B aaaaaaaaaaaaaaaaaaaaaaaa
0628 2041 0512 0345 0739 0617 0512 2041 0511 0679 0283 0406 0512 0494 0581 0228 0523 0449 0792 0790 B aaaaaaaaaaaaaaaaaaaaaaaa
0629 2042 0512 0345 0739 0617 0512 2042 0512 0679 0283 0406 0512 0494 0581 0229 0523 0448 0792 0790 B aaaaaaaaaaaaaaaaaaaaaaaa
0630 2042 0512 0345 0740 0617 0512 2042 0512 0679 0283 0406 0512 0494 0580 0229 0523 0448 0792 0789 B aaaaaaaaaaaaaaaaaaaaaaaa
0631 2042 0512 0345 0740 0617 0512 2042 0512 0679 0283 0406 0512 0494 0580 0229 0523 0448 0792 0789 B aaaaaaaaaaaaaaaaaaaaaaaa
0632 2043 0512 0345 0740 0617 0512 2043 0512 0679 0283 0406 0512 0494 0580 0229 0524 0448 0792 0789 B aaaaaaaaaaaaaaaaaaaaaaaa
0633 2043 0512 0345 0740 0617 0512 2043 0512 0679 0283 0406 0512 0495 0580 0229 0524 0448 0792 0789 B aaaaaaaaaaaaaaaaaaaaaaaa
0634 2043 0512 0345 0740 0617 0512 2043 0512 0679 0283 0406 0512 0495 0580 0229 0524 0448 0793 0788 B aaaaaaaaaaaaaaaaaaaaaaaa
0635 2044 0512 0345 0740 0617 0512 2044 0512 0679 0283 0406 0512 0495 0580 0229 0524 0448 0793 0788 B aaaaaaaaaaaaaaaaaaaaaaaa
0636 2044 0512 0345 0740 0617 0512 2044 0512 0679 0283 0406 0512 0495 0580 0229 0524 0448 0793 0788 B aaaaaaaaaaaaaaaaaaaaaaaa
0637 2044 0512 0345 0740 0617 0512 2044 0512 0679 0283 0406 0512 0495 0580 0229 0524 0447 0793 0788 B aaaaaaaaaaaaaaaaaaaaaaaa
0638 2044 0512 0345 0740 0617 0512 2044 0512 0679 0283 0406 0512 0495 0579 0229 0525 0447 0793 0788 B aaaaaaaaaaaaaaaaaaaaaaaa
0639 2045 0512 0345 0740 0617 0512 2045 0512 0679 0283 0406 0512 0496 0579 0229 0525 0447 0793 0787 B aaaaaaaaaaaaaaaaaaaaaaaa
0640 2045 0512 0345 0740 0617 0512 2045 0512 0679 0283 0406 0512 0496 0579 0229 0525 0447 0793 0787 B aaaaaaaaaaaaaaaaaaaaaaaa
0641 2045 0512 0345 0740 0617 0512 2045 0512 0679 0284 0406 0512 0496 0579 0229 0525 0447 0793 0787 B aaaaaaaaaaaaaaaaaaaaaaaa
0642 2046 0512 0345 0740 0617 0512 2046 0512 0679 0284 0406 0512 0496 0579 0230 0525 0447 0793 0787 B aaaaaaaaaaaaaaaaaaaaaaaa
0643 2046 0512 0345 0740 0617 0512 2046 0512 0679 0284 0406 0512 0496 0579 0230 0525 0447 0793 0787 B aaaaaaaaaaaaaaaaaaaaaaaa
0644 2046 0512 0345 0740 0617 0512 2046 0512 0679 0284 0406 0512 0496 0579 0230 0526 0447 0793 0786 B aaaaaaaaaaaaaaaaaaaaaaaa
0645 2047 0512 0345 0740 0617 0512 2047 0512 0679 0284 0406 0512 0497 0579 0230 0526 0446 0793 0786 B aaaaaaaaaaaaaaaaaaaaaaaa
0646 2047 0512 0345 0740 0617 0512 2047 0512 0679 0284 0406 0512 0497 0579 0230 0526 0446 0793 0786 B aaaaaaaaaaaaaaaaaaaaaaaa
0647 2047 0512 0345 0740 0617 0512 2047 0512 0679 0284 0406 0512 0497 0578 0230 0526 0446 0794 0786 B aaaaaaaaaaaaaaaaaaaaaaaa
0648 2047 0512 0345 0740 0617 0512 2047 0512 0679 0284 0407 0512 0497 0578 0230 0526 0446 0794 0785 B aaaaaaaaaaaaaaaaaaaaaaaa
0649 2048 0512 0345 0740 0617 0512 2048 0512 0679 0284 0407 0512 0497 0578 0230 0526 0446 0794 0785 B aaaaaaaaaaaaaaaaaaaaaaaa
0650 2048 0512 0345 0740 0617 0512 2048 0512 0679 0284 0407 0512 0497 0578 0230 0527 0446 0794 0785 B aaaaaaaaaaaaaaaaaaaaaaaa
