0328->uderzenia rekamiaaaaaaaaaaaaaaaaaaaaaaaaaaaaaaaaaaaaaaaa
0001 2054 0509 0346 0738 0617 0512 2054 0509 0681 0282 0407 0511 0490 0583 0230 0519 0451 0793 0789 B aaaaaaaaaaaaaaaaaaaaaaaa
0002 2054 0509 0345 0740 0618 0511 2054 0509 0682 0280 0406 0511 0490 0583 0230 0519 0451 0794 0789 B aaaaaaaaaaaaaaaaaaaaaaaa
0003 2054 0509 0344 0743 0619 0511 2054 0509 0683 0278 0405 0511 0490 0583 0229 0519 0450 0794 0789 B aaaaaaaaaaaaaaaaaaaaaaaa
0004 2054 0509 0343 0745 0620 0511 2054 0509 0685 0276 0404 0511 0490 0583 0229 0519 0450 0795 0789 B aaaaaaaaaaaaaaaaaaaaaaaa
0005 2054 0509 0341 0747 0620 0511 2054 0509 0686 0274 0403 0511 0491 0583 0228 0519 0450 0795 0789 B aaaaaaaaaaaaaaaaaaaaaaaa
0006 2054 0509 0340 0749 0621 0511 2054 0509 0687 0272 0403 0511 0491 0583 0228 0519 0450 0796 0789 B aaaaaaaaaaaaaaaaaaaaaaaa
0007 2054 0509 0339 0751 0622 0511 2054 0509 0689 0270 0402 0511 0491 0583 0228 0519 0450 0796 0789 B aaaaaaaaaaaaaaaaaaaaaaaa
0008 2054 0509 0337 0753 0623 0511 2054 0509 0690 0268 0401 0511 0491 0584 0227 0519 0450 0797 0789 B aaaaaaaaaaaaaaaaaaaaaaaa
0009 2054 0509 0336 0755 0624 0511 2054 0508 0691 0266 0400 0511 0491 0584 0227 0519 0450 0797 0789 B aaaaaaaaaaaaaaaaaaaaaaaa
0010 2054 0508 0335 0757 0624 0511 2054 0508 0693 0263 0400 0511 0491 0584 0226 0519 0450 0798 0789 B aaaaaaaaaaaaaaaaaaaaaaaa
0011 2054 0508 0334 0759 0625 0511 2054 0508 0694 0261 0399 0511 0491 0584 0226 0519 0449 0798 0789 B aaaaaaaaaaaaaaaaaaaaaaaa
0012 2055 0508 0332 0761 0626 0511 2055 0508 0695 0259 0398 0511 0491 0584 0226 0519 0449 0799 0789 B aaaaaaaaaaaaaaaaaaaaaaaa
0013 2055 0508 0331 0763 0627 0511 2055 0508 0696 0257 0397 0511 0491 0584 0225 0518 0449 0799 0789 B aaaaaaaaaaaaaaaaaaaaaaaa
0014 2055 0508 0330 0765 0628 0511 2055 0508 0698 0255 0397 0511 0491 0585 0225 0518 0449 0800 0789 B aaaaaaaaaaaaaaaaaaaaaaaa
0015 2055 0508 0328 0768 0628 0511 2055 0508 0699 0253 0396 0511 0491 0585 0224 0518 0449 0800 0789 B aaaaaaaaaaaaaaaaaaaaaaaa
0016 2055 0508 0327 0770 0629 0511 2055 0508 0700 0251 0395 0511 0491 0585 0224 0518 0449 0800 0789 B aaaaaaaaaaaaaaaaaaaaaaaa
0017 2055 0508 0326 0772 0630 0511 2055 0508 0702 0249 0394 0511 0491 0585 0223 0518 0449 0801 0789 B aaaaaaaaaaaaaaaaaaaaaaaa
0018 2055 0508 0325 0774 0631 0511 2055 0508 0703 0247 0394 0511 0491 0585 0223 0518 0449 0801 0789 B aaaaaaaaaaaaaaaaaaaaaaaa
0019 2055 0508 0323 0776 0632 0511 2055 0508 0704 0245 0393 0511 0491 0585 0223 0518 0448 0802 0789 B aaaaaaaaaaaaaaaaaaaaaaaa
0020 2055 0508 0322 0778 0632 0511 2055 0508 0706 0243 0392 0511 0491 0585 0222 0518 0448 0802 0788 B aaaaaaaaaaaaaaaaaaaaaaaa
0021 2055 0508 0321 0780 0633 0511 2055 0508 0707 0241 0391 0511 0491 0586 0222 0518 0448 0803 0788 B aaaaaaaaaaaaaaaaaaaaaaaa
0022 2055 0508 0319 0782 0634 0511 2055 0508 0708 0238 0390 0511 0491 0586 0221 0518 0448 0803 0788 B aaaaaaaaaaaaaaaaaaaaaaaa
0023 2055 0508 0318 0784 0635 0511 2055 0508 0710 0236 0390 0511 0491 0586 0221 0518 0448 0804 0788 B aaaaaaaaaaaaaaaaaaaaaaaa
0024 2055 0508 0317 0786 0635 0511 2055 0508 0711 0234 0389 0511 0492 0586 0221 0518 0448 0804 0788 B aaaaaaaaaaaaaaaaaaaaaaaa
0025 2055 0508 0316 0788 0636 0511 2055 0508 0712 0232 0388 0511 0492 0586 0220 0518 0448 0805 0788 B aaaaaaaaaaaaaaaaaaaaaaaa
0026 2055 0508 0314 0790 0637 0511 2055 0508 0714 0230 0387 0511 0492 0586 0220 0517 0447 0805 0788 B aaaaaaaaaaaaaaaaaaaaaaaa
0027 2055 0508 0313 0793 0638 0511 2055 0508 0715 0228 0387 0511 0492 0586 0219 0517 0447 0806 0788 B aaaaaaaaaaaaaaaaaaaaaaaa
0028 2055 0508 0312 0795 0639 0511 2055 0508 0716 0226 0386 0511 0492 0587 0219 0517 0447 0806 0788 B aaaaaaaaaaaaaaaaaaaaaaaa
0029 2055 0508 0310 0797 0639 0511 2055 0508 0718 0224 0385 0511 0492 0587 0219 0517 0447 0807 0788 B aaaaaaaaaaaaaaaaaaaaaaaa
0030 2055 0508 0309 0799 0640 0511 2055 0508 0719 0222 0384 0511 0492 0587 0218 0517 0447 0807 0788 B aaaaaaaaaaaaaaaaaaaaaaaa
0031 2055 0508 0308 0801 0641 0511 2055 0507 0720 0220 0384 0511 0492 0587 0218 0517 0447 0808 0788 B aaaaaaaaaaaaaaaaaaaaaaaa
0032 2055 0507 0307 0803 0642 0511 2055 0507 0722 0218 0383 0511 0492 0587 0217 0517 0447 0808 0788 B aaaaaaaaaaaaaaaaaaaaaaaa
0033 2055 0507 0305 0805 0643 0511 2055 0507 0723 0216 0382 0511 0492 0587 0217 0517 0447 0809 0788 B aaaaaaaaaaaaaaaaaaaaaaaa
0034 2055 0507 0304 0807 0643 0511 2055 0507 0724 0213 0381 0511 0492 0588 0217 0517 0446 0809 0788 B aaaaaaaaaaaaaaaaaaaaaaaa
0035 2056 0507 0303 0809 0644 0511 2056 0507 0726 0211 0381 0511 0492 0588 0216 0517 0446 0810 0788 B aaaaaaaaaaaaaaaaaaaaaaaa
0036 2056 0507 0301 0811 0645 0511 2056 0507 0727 0209 0380 0511 0492 0588 0216 0517 0446 0810 0788 B aaaaaaaaaaaaaaaaaaaaaaaa
0037 2056 0507 0300 0813 0646 0511 2056 0507 0728 0207 0379 0511 0492 0588 0215 0517 0446 0811 0788 B aaaaaaaaaaaaaaaaaaaaaaaa
0038 2056 0507 0299 0815 0647 0511 2056 0507 0729 0205 0378 0511 0492 0588 0215 0516 0446 0811 0788 B aaaaaaaaaaaaaaaaaaaaaaaa
0039 2056 0507 0298 0818 0647 0511 2056 0507 0731 0203 0377 0511 0492 0588 0215 0516 0446 0811 0788 B aaaaaaaaaaaaaaaaaaaaaaaa
0040 2056 0507 0296 0820 0648 0511 2056 0507 0732 0201 0377 0511 0492 0588 0214 0516 0446 0812 0788 B aaaaaaaaaaaaaaaaaaaaaaaa
0041 2056 0507 0295 0822 0649 0511 2056 0507 0733 0199 0376 0511 0492 0589 0214 0516 0445 0812 0788 B aaaaaaaaaaaaaaaaaaaaaaaa
0042 2056 0507 0294 0824 0650 0511 2056 0507 0735 0197 0375 0511 0493 0589 0213 0516 0445 0813 0788 B aaaaaaaaaaaaaaaaaaaaaaaa
0043 2056 0507 0292 0826 0651 0511 2056 0507 0736 0195 0374 0511 0493 0589 0213 0516 0445 0813 0788 B aaaaaaaaaaaaaaaaaaaaaaaa
0044 2056 0507 0291 0828 0651 0511 2056 0507 0737 0193 0374 0511 0493 0589 0213 0516 0445 0814 0788 B aaaaaaaaaaaaaaaaaaaaaaaa
0045 2056 0507 0290 0830 0652 0511 2056 0507 0739 0190 0373 0511 0493 0589 0212 0516 0445 0814 0788 B aaaaaaaaaaaaaaaaaaaaaaaa
0046 2056 0507 0289 0832 0653 0511 2056 0507 0740 0188 0372 0511 0493 0589 0212 0516 0445 0815 0788 B aaaaaaaaaaaaaaaaaaaaaaaa
0047 2056 0507 0287 0834 0654 0511 2056 0507 0741 0186 0371 0511 0493 0589 0211 0516 0445 0815 0788 B aaaaaaaaaaaaaaaaaaaaaaaa
0048 2056 0507 0286 0836 0655 0511 2056 0507 0743 0184 0371 0511 0493 0590 0211 0516 0445 0816 0788 B aaaaaaaaaaaaaaaaaaaaaaaa
0049 2056 0507 0285 0838 0655 0511 2056 0507 0744 0182 0370 0511 0493 0590 0210 0516 0444 0816 0788 B aaaaaaaaaaaaaaaaaaaaaaaa
0050 2056 0507 0283 0840 0656 0511 2056 0507 0745 0180 0369 0511 0493 0590 0210 0516 0444 0817 0788 B aaaaaaaaaaaaaaaaaaaaaaaa
0051 2056 0507 0282 0843 0657 0511 2056 0507 0747 0178 0368 0511 0493 0590 0210 0515 0444 0817 0788 B aaaaaaaaaaaaaaaaaaaaaaaa
0052 2056 0507 0281 0845 0658 0511 2056 0507 0748 0176 0368 0511 0493 0590 0209 0515 0444 0818 0788 B aaaaaaaaaaaaaaaaaaaaaaaa
0053 2056 0507 0280 0847 0659 0511 2056 0507 0749 0174 0367 0511 0493 0590 0209 0515 0444 0818 0788 B aaaaaaaaaaaaaaaaaaaaaaaa
0054 2056 0507 0278 0849 0659 0511 2056 0506 0751 0172 0366 0511 0493 0591 0208 0515 0444 0819 0788 B aaaaaaaaaaaaaaaaaaaaaaaa
0055 2056 0506 0277 0851 0660 0511 2056 0506 0752 0170 0365 0511 0493 0591 0208 0515 0444 0819 0788 B aaaaaaaaaaaaaaaaaaaaaaaa
0056 2056 0506 0276 0853 0661 0511 2056 0506 0753 0168 0364 0511 0493 0591 0208 0515 0444 0820 0788 B aaaaaaaaaaaaaaaaaaaaaaaa
0057 2056 0506 0274 0855 0662 0511 2056 0506 0755 0165 0364 0511 0493 0591 0207 0515 0443 0820 0788 B aaaaaaaaaaaaaaaaaaaaaaaa
0058 2057 0506 0273 0857 0663 0511 2056 0506 0756 0163 0363 0511 0493 0591 0207 0515 0443 0821 0788 B aaaaaaaaaaaaaaaaaaaaaaaa
0059 2057 0506 0272 0859 0663 0511 2057 0506 0757 0161 0362 0511 0493 0591 0206 0515 0443 0821 0788 B aaaaaaaaaaaaaaaaaaaaaaaa
0060 2057 0506 0271 0861 0664 0511 2057 0506 0759 0159 0361 0511 0494 0591 0206 0515 0443 0822 0788 B aaaaaaaaaaaaaaaaaaaaaaaa
0061 2057 0506 0269 0863 0665 0511 2057 0506 0760 0157 0361 0511 0494 0592 0206 0515 0443 0822 0788 B aaaaaaaaaaaaaaaaaaaaaaaa
0062 2057 0506 0268 0865 0666 0511 2057 0506 0761 0155 0360 0510 0494 0592 0205 0515 0443 0822 0788 B aaaaaaaaaaaaaaaaaaaaaaaa
0063 2057 0506 0267 0868 0667 0511 2057 0506 0762 0153 0359 0510 0494 0592 0205 0515 0443 0823 0788 B aaaaaaaaaaaaaaaaaaaaaaaa
0064 2057 0506 0265 0870 0667 0511 2057 0506 0764 0151 0358 0510 0494 0592 0204 0514 0442 0823 0788 B aaaaaaaaaaaaaaaaaaaaaaaa
0065 2057 0506 0264 0872 0668 0511 2057 0506 0765 0149 0358 0510 0494 0592 0204 0514 0442 0824 0788 B aaaaaaaaaaaaaaaaaaaaaaaa
0066 2057 0506 0263 0874 0669 0511 2057 0506 0766 0147 0357 0510 0494 0592 0204 0514 0442 0824 0788 B aaaaaaaaaaaaaaaaaaaaaaaa
0067 2057 0506 0262 0876 0670 0511 2057 0506 0768 0145 0356 0510 0494 0593 0203 0514 0442 0825 0788 B aaaaaaaaaaaaaaaaaaaaaaaa
0068 2057 0506 0260 0878 0671 0510 2057 0506 0769 0142 0355 0510 0494 0593 0203 0514 0442 0825 0788 B aaaaaaaaaaaaaaaaaaaaaaaa
0069 2057 0506 0259 0880 0671 0510 2057 0506 0770 0140 0355 0510 0494 0593 0202 0514 0442 0826 0788 B aaaaaaaaaaaaaaaaaaaaaaaa
0070 2057 0506 0258 0882 0672 0510 2057 0506 0772 0138 0354 0510 0494 0593 0202 0514 0442 0826 0787 B aaaaaaaaaaaaaaaaaaaaaaaa
0071 2057 0506 0256 0884 0673 0510 2057 0506 0773 0136 0353 0510 0494 0593 0202 0514 0442 0827 0787 B aaaaaaaaaaaaaaaaaaaaaaaa
0072 2057 0506 0255 0886 0674 0510 2057 0506 0774 0134 0352 0510 0494 0593 0201 0514 0441 0827 0787 B aaaaaaaaaaaaaaaaaaaaaaaa
0073 2057 0506 0254 0888 0675 0510 2057 0506 0776 0132 0351 0510 0494 0593 0201 0514 0441 0828 0787 B aaaaaaaaaaaaaaaaaaaaaaaa
0074 2057 0506 0253 0890 0675 0510 2057 0506 0777 0130 0351 0510 0494 0594 0200 0514 0441 0828 0787 B aaaaaaaaaaaaaaaaaaaaaaaa
0075 2057 0506 0251 0893 0676 0510 2057 0506 0778 0128 0350 0510 0494 0594 0200 0514 0441 0829 0787 B aaaaaaaaaaaaaaaaaaaaaaaa
0076 2057 0506 0250 0895 0677 0510 2057 0505 0780 0126 0349 0510 0494 0594 0199 0513 0441 0829 0787 B aaaaaaaaaaaaaaaaaaaaaaaa
0077 2057 0506 0249 0897 0678 0510 2057 0505 0781 0124 0348 0510 0494 0594 0199 0513 0441 0830 0787 B aaaaaaaaaaaaaaaaaaaaaaaa
0078 2057 0505 0247 0899 0679 0510 2057 0505 0782 0122 0348 0510 0494 0594 0199 0513 0441 0830 0787 B aaaaaaaaaaaaaaaaaaaaaaaa
0079 2057 0505 0246 0901 0679 0510 2057 0505 0784 0120 0347 0510 0495 0594 0198 0513 0441 0831 0787 B aaaaaaaaaaaaaaaaaaaaaaaa
0080 2057 0505 0245 0903 0680 0510 2057 0505 0785 0117 0346 0510 0495 0594 0198 0513 0440 0831 0787 B aaaaaaaaaaaaaaaaaaaaaaaa
0081 2057 0505 0245 0903 0680 0510 2057 0505 0785 0117 0346 0510 0495 0594 0198 0513 0440 0831 0787 B aaaaaaaaaaaaaaaaaaaaaaaa
0082 2057 0505 0245 0902 0679 0510 2057 0505 0785 0118 0347 0510 0496 0592 0196 0512 0443 0833 0787 B aaaaaaaaaaaaaaaaaaaaaaaa
0083 2057 0505 0245 0902 0679 0510 2057 0505 0785 0118 0347 0510 0498 0589 0193 0510 0447 0835 0787 B aaaaaaaaaaaaaaaaaaaaaaaa
0084 2057 0505 0245 0902 0679 0510 2057 0505 0785 0118 0347 0510 0500 0586 0191 0509 0450 0837 0787 B aaaaaaaaaaaaaaaaaaaaaaaa
0085 2057 0506 0244 0902 0679 0510 2057 0505 0785 0118 0347 0510 0502 0583 0189 0507 0453 0838 0787 B aaaaaaaaaaaaaaaaaaaaaaaa
0086 2057 0506 0244 0902 0678 0510 2057 0505 0786 0118 0348 0510 0504 0580 0188 0505 0456 0840 0787 B aaaaaaaaaaaaaaaaaaaaaaaa
0087 2057 0506 0244 0902 0678 0510 2057 0506 0786 0119 0348 0510 0506 0576 0186 0504 0460 0841 0787 B aaaaaaaaaaaaaaaaaaaaaaaa
0088 2057 0506 0244 0902 0678 0510 2057 0506 0786 0119 0348 0510 0508 0573 0184 0502 0463 0843 0787 B aaaaaaaaaaaaaaaaaaaaaaaa
0089 2057 0506 0244 0902 0678 0510 2057 0506 0786 0119 0348 0510 0510 0570 0183 0500 0467 0844 0787 B aaaaaaaaaaaaaaaaaaaaaaaa
0090 2057 0506 0243 0902 0677 0510 2057 0506 0786 0119 0349 0510 0512 0566 0181 0498 0470 0845 0787 B aaaaaaaaaaaaaaaaaaaaaaaa
0091 2057 0506 0243 0902 0677 0510 2057 0506 0786 0119 0349 0510 0514 0563 0180 0497 0474 0846 0787 B aaaaaaaaaaaaaaaaaaaaaaaa
0092 2057 0506 0243 0902 0677 0511 2057 0506 0787 0119 0349 0510 0516 0560 0178 0495 0478 0847 0787 B aaaaaaaaaaaaaaaaaaaaaaaa
0093 2057 0506 0243 0902 0677 0511 2057 0506 0787 0119 0349 0510 0518 0556 0177 0493 0481 0848 0787 B aaaaaaaaaaaaaaaaaaaaaaaa
0094 2057 0506 0242 0902 0676 0511 2057 0506 0787 0119 0350 0510 0520 0552 0176 0491 0485 0849 0786 B aaaaaaaaaaaaaaaaaaaaaaaa
0095 2057 0506 0242 0902 0676 0511 2057 0506 0787 0119 0350 0510 0523 0549 0175 0489 0489 0849 0786 B aaaaaaaaaaaaaaaaaaaaaaaa
0096 2057 0506 0242 0902 0676 0511 2057 0506 0788 0119 0350 0511 0525 0545 0174 0487 0493 0850 0786 B aaaaaaaaaaaaaaaaaaaaaaaa
0097 2057 0506 0241 0902 0676 0511 2057 0506 0788 0119 0351 0511 0527 0541 0173 0485 0497 0850 0786 B aaaaaaaaaaaaaaaaaaaaaaaa
0098 2057 0506 0241 0902 0675 0511 2057 0506 0788 0119 0351 0511 0529 0538 0173 0483 0500 0851 0786 B aaaaaaaaaaaaaaaaaaaaaaaa
0099 2057 0506 0241 0902 0675 0511 2057 0506 0788 0119 0351 0511 0531 0534 0172 0481 0504 0851 0786 B aaaaaaaaaaaaaaaaaaaaaaaa
0100 2057 0506 0241 0902 0675 0511 2057 0506 0789 0119 0351 0511 0534 0530 0172 0479 0508 0851 0786 B aaaaaaaaaaaaaaaaaaaaaaaa
0101 2057 0506 0240 0902 0674 0511 2057 0506 0789 0119 0352 0511 0536 0526 0171 0477 0512 0851 0786 B aaaaaaaaaaaaaaaaaaaaaaaa
0102 2057 0506 0240 0902 0674 0511 2057 0506 0789 0119 0352 0511 0538 0523 0171 0475 0516 0851 0786 B aaaaaaaaaaaaaaaaaaaaaaaa
0103 2057 0506 0240 0902 0674 0511 2057 0506 0790 0119 0352 0511 0540 0519 0171 0473 0520 0851 0786 B aaaaaaaaaaaaaaaaaaaaaaaa
0104 2057 0506 0239 0902 0674 0511 2057 0506 0790 0119 0352 0511 0543 0515 0170 0471 0524 0851 0786 B aaaaaaaaaaaaaaaaaaaaaaaa
0105 2057 0506 0239 0902 0674 0511 2057 0506 0790 0119 0352 0511 0543 0515 0170 0471 0524 0851 0786 B aaaaaaaaaaaaaaaaaaaaaaaa
0106 2061 0506 0239 0902 0674 0511 2061 0506 0791 0119 0353 0510 0548 0513 0170 0473 0528 0851 0790 B aaaaaaaaaaaaaaaaaaaaaaaa
0107 2065 0506 0239 0903 0675 0511 2065 0506 0791 0119 0354 0510 0553 0512 0170 0475 0532 0852 0794 B aaaaaaaaaaaaaaaaaaaaaaaa
0108 2070 0506 0239 0903 0675 0510 2069 0506 0792 0119 0355 0510 0559 0512 0171 0476 0536 0852 0798 B aaaaaaaaaaaaaaaaaaaaaaaa
0109 2074 0506 0240 0904 0675 0510 2074 0505 0793 0119 0356 0510 0565 0512 0172 0478 0540 0852 0801 B aaaaaaaaaaaaaaaaaaaaaaaa
0110 2078 0506 0240 0904 0676 0510 2078 0505 0794 0120 0357 0510 0571 0513 0173 0480 0544 0852 0805 B aaaaaaaaaaaaaaaaaaaaaaaa
0111 2083 0506 0239 0904 0676 0510 2083 0505 0794 0120 0358 0510 0578 0514 0175 0482 0547 0852 0809 B aaaaaaaaaaaaaaaaaaaaaaaa
0112 2087 0505 0239 0905 0676 0510 2087 0505 0795 0120 0359 0510 0584 0515 0177 0483 0550 0852 0813 B aaaaaaaaaaaaaaaaaaaaaaaa
0113 2092 0505 0239 0905 0677 0510 2091 0505 0796 0120 0360 0510 0591 0517 0179 0485 0553 0852 0817 B aaaaaaaaaaaaaaaaaaaaaaaa
0114 2096 0505 0239 0906 0677 0510 2096 0505 0797 0120 0361 0510 0598 0519 0182 0486 0556 0852 0822 B aaaaaaaaaaaaaaaaaaaaaaaa
0115 2101 0505 0239 0906 0677 0510 2100 0505 0798 0120 0362 0510 0604 0522 0185 0488 0559 0852 0826 B aaaaaaaaaaaaaaaaaaaaaaaa
0116 2105 0505 0239 0907 0678 0510 2105 0505 0799 0121 0363 0510 0611 0525 0189 0489 0561 0851 0830 B aaaaaaaaaaaaaaaaaaaaaaaa
0117 2110 0505 0239 0907 0678 0510 2110 0505 0799 0121 0364 0509 0618 0529 0193 0491 0564 0851 0834 B aaaaaaaaaaaaaaaaaaaaaaaa
0118 2115 0505 0239 0908 0678 0510 2114 0504 0800 0121 0365 0509 0625 0532 0197 0492 0566 0851 0838 B aaaaaaaaaaaaaaaaaaaaaaaa
0119 2120 0505 0238 0908 0679 0510 2119 0504 0801 0121 0366 0509 0631 0537 0201 0493 0568 0850 0842 B aaaaaaaaaaaaaaaaaaaaaaaa
0120 2125 0505 0238 0909 0679 0510 2124 0504 0802 0121 0367 0509 0638 0541 0206 0494 0570 0849 0847 B aaaaaaaaaaaaaaaaaaaaaaaa
0121 2130 0505 0238 0909 0679 0510 2129 0504 0803 0121 0369 0509 0645 0546 0211 0495 0571 0849 0851 B aaaaaaaaaaaaaaaaaaaaaaaa
0122 2135 0505 0238 0910 0680 0510 2133 0503 0804 0121 0370 0508 0651 0551 0217 0496 0573 0848 0855 B aaaaaaaaaaaaaaaaaaaaaaaa
0123 2140 0505 0238 0910 0680 0510 2138 0503 0805 0122 0371 0508 0658 0556 0222 0496 0574 0847 0860 B aaaaaaaaaaaaaaaaaaaaaaaa
0124 2145 0504 0238 0911 0681 0510 2144 0502 0806 0122 0372 0508 0664 0562 0228 0497 0575 0846 0864 B aaaaaaaaaaaaaaaaaaaaaaaa
0125 2150 0504 0237 0912 0681 0510 2149 0502 0808 0122 0373 0507 0671 0567 0235 0497 0576 0845 0868 B aaaaaaaaaaaaaaaaaaaaaaaa
0126 2156 0504 0237 0912 0682 0509 2154 0501 0809 0122 0374 0507 0677 0573 0241 0497 0577 0844 0873 B aaaaaaaaaaaaaaaaaaaaaaaa
0127 2161 0503 0237 0913 0682 0509 2159 0500 0810 0122 0376 0507 0683 0579 0248 0497 0578 0842 0877 B aaaaaaaaaaaaaaaaaaaaaaaa
0128 2167 0503 0237 0913 0683 0509 2165 0500 0811 0122 0377 0506 0689 0586 0255 0496 0579 0841 0882 B aaaaaaaaaaaaaaaaaaaaaaaa
0129 2173 0502 0237 0914 0683 0509 2171 0499 0812 0122 0378 0505 0696 0592 0263 0496 0579 0839 0886 B aaaaaaaaaaaaaaaaaaaaaaaa
0130 2179 0501 0238 0914 0684 0508 2176 0498 0813 0122 0379 0505 0702 0599 0270 0495 0580 0838 0891 B aaaaaaaaaaaaaaaaaaaaaaaa
0131 2185 0500 0238 0915 0684 0508 2182 0496 0814 0122 0381 0504 0708 0606 0279 0494 0580 0836 0896 B aaaaaaaaaaaaaaaaaaaaaaaa
0132 2192 0499 0238 0915 0685 0508 2188 0495 0815 0122 0382 0503 0714 0613 0287 0492 0581 0834 0901 B aaaaaaaaaaaaaaaaaaaaaaaa
0133 2198 0498 0238 0916 0686 0507 2195 0494 0817 0122 0383 0503 0720 0621 0296 0491 0581 0831 0905 B aaaaaaaaaaaaaaaaaaaaaaaa
0134 2205 0497 0239 0916 0686 0507 2201 0492 0818 0122 0385 0502 0727 0628 0305 0489 0582 0828 0910 B aaaaaaaaaaaaaaaaaaaaaaaa
0135 2205 0497 0239 0916 0686 0507 2201 0492 0818 0122 0385 0502 0727 0628 0305 0488 0582 0828 0911 B aaaaaaaaaaaaaaaaaaaaaaaa
0136 2199 0499 0238 0916 0686 0508 2196 0494 0817 0122 0384 0503 0723 0621 0298 0491 0586 0832 0907 B aaaaaaaaaaaaaaaaaaaaaaaa
0137 2194 0500 0237 0916 0685 0508 2191 0496 0816 0122 0383 0504 0719 0614 0291 0492 0590 0834 0903 B aaaaaaaaaaaaaaaaaaaaaaaa
0138 2189 0501 0236 0916 0684 0509 2185 0497 0816 0122 0382 0504 0715 0607 0284 0494 0595 0837 0900 B aaaaaaaaaaaaaaaaaaaaaaaa
0139 2183 0502 0236 0916 0683 0509 2180 0499 0815 0122 0381 0505 0711 0601 0277 0495 0599 0839 0896 B aaaaaaaaaaaaaaaaaaaaaaaa
0140 2178 0503 0235 0916 0683 0510 2175 0500 0814 0122 0380 0506 0707 0594 0271 0495 0603 0840 0892 B aaaaaaaaaaaaaaaaaaaaaaaa
0141 2173 0504 0234 0915 0682 0510 2170 0501 0814 0122 0379 0507 0704 0587 0265 0496 0608 0842 0889 B aaaaaaaaaaaaaaaaaaaaaaaa
0142 2168 0505 0234 0915 0681 0510 2165 0502 0813 0121 0378 0507 0700 0580 0259 0496 0612 0843 0885 B aaaaaaaaaaaaaaaaaaaaaaaa
0143 2163 0506 0233 0915 0681 0511 2161 0503 0812 0121 0377 0508 0696 0573 0253 0495 0616 0844 0881 B aaaaaaaaaaaaaaaaaaaaaaaa
0144 2158 0507 0233 0915 0680 0511 2156 0504 0812 0121 0377 0509 0692 0567 0248 0495 0619 0844 0878 B aaaaaaaaaaaaaaaaaaaaaaaa
0145 2153 0507 0233 0915 0679 0511 2151 0505 0811 0121 0376 0509 0688 0560 0243 0493 0623 0844 0874 B aaaaaaaaaaaaaaaaaaaaaaaa
0146 2148 0508 0232 0914 0679 0511 2146 0506 0811 0120 0375 0509 0685 0553 0238 0492 0626 0844 0870 B aaaaaaaaaaaaaaaaaaaaaaaa
0147 2143 0508 0232 0914 0678 0512 2141 0506 0810 0120 0374 0510 0681 0546 0233 0490 0629 0844 0866 B aaaaaaaaaaaaaaaaaaaaaaaa
0148 2138 0508 0232 0914 0678 0512 2137 0507 0809 0120 0373 0510 0676 0540 0228 0488 0631 0844 0862 B aaaaaaaaaaaaaaaaaaaaaaaa
0149 2133 0508 0232 0913 0677 0512 2132 0507 0809 0119 0372 0510 0672 0533 0223 0486 0634 0843 0859 B aaaaaaaaaaaaaaaaaaaaaaaa
0150 2129 0508 0232 0913 0677 0512 2128 0507 0808 0119 0371 0511 0668 0527 0219 0483 0635 0842 0855 B aaaaaaaaaaaaaaaaaaaaaaaa
0151 2124 0508 0232 0913 0676 0512 2123 0507 0808 0119 0370 0511 0663 0520 0215 0480 0637 0841 0851 B aaaaaaaaaaaaaaaaaaaaaaaa
0152 2119 0508 0231 0912 0676 0512 2119 0507 0807 0118 0369 0511 0659 0514 0211 0476 0638 0840 0847 B aaaaaaaaaaaaaaaaaaaaaaaa
0153 2115 0508 0232 0912 0676 0512 2114 0507 0807 0118 0368 0511 0654 0507 0207 0472 0639 0839 0842 B aaaaaaaaaaaaaaaaaaaaaaaa
0154 2110 0507 0232 0911 0675 0512 2110 0506 0806 0117 0367 0511 0649 0501 0204 0468 0639 0837 0838 B aaaaaaaaaaaaaaaaaaaaaaaa
0155 2106 0507 0232 0911 0675 0511 2105 0506 0806 0117 0366 0511 0645 0495 0200 0464 0638 0836 0834 B aaaaaaaaaaaaaaaaaaaaaaaa
0156 2101 0506 0232 0910 0674 0511 2101 0505 0805 0116 0365 0511 0640 0489 0197 0459 0638 0834 0830 B aaaaaaaaaaaaaaaaaaaaaaaa
0157 2097 0505 0232 0910 0674 0511 2096 0505 0805 0116 0365 0510 0635 0483 0194 0454 0637 0832 0825 B aaaaaaaaaaaaaaaaaaaaaaaa
0158 2092 0505 0232 0909 0673 0511 2092 0504 0805 0115 0364 0510 0629 0477 0191 0449 0635 0830 0821 B aaaaaaaaaaaaaaaaaaaaaaaa
0159 2087 0504 0232 0909 0673 0510 2087 0503 0804 0115 0363 0510 0624 0471 0188 0443 0633 0828 0817 B aaaaaaaaaaaaaaaaaaaaaaaa
0160 2083 0503 0232 0908 0672 0510 2083 0503 0804 0114 0362 0510 0619 0465 0186 0438 0631 0825 0812 B aaaaaaaaaaaaaaaaaaaaaaaa
0161 2078 0502 0232 0908 0672 0510 2078 0502 0804 0114 0361 0510 0614 0460 0183 0432 0628 0823 0808 B aaaaaaaaaaaaaaaaaaaaaaaa
0162 2074 0502 0232 0907 0671 0510 2073 0501 0803 0113 0360 0509 0608 0455 0181 0426 0625 0821 0803 B aaaaaaaaaaaaaaaaaaaaaaaa
0163 2069 0501 0232 0907 0670 0509 2069 0501 0803 0113 0360 0509 0603 0450 0179 0420 0621 0818 0799 B aaaaaaaaaaaaaaaaaaaaaaaa
0164 2064 0500 0231 0906 0670 0509 2064 0500 0803 0112 0359 0509 0598 0445 0178 0414 0617 0815 0794 B aaaaaaaaaaaaaaaaaaaaaaaa
0165 2059 0500 0231 0906 0669 0509 2059 0499 0803 0112 0358 0508 0592 0440 0176 0408 0613 0813 0790 B aaaaaaaaaaaaaaaaaaaaaaaa
0166 2054 0499 0231 0905 0668 0508 2054 0499 0803 0111 0357 0508 0587 0436 0174 0402 0609 0810 0785 B aaaaaaaaaaaaaaaaaaaaaaaa
0167 2049 0498 0231 0905 0668 0508 2049 0498 0802 0111 0357 0508 0582 0432 0173 0396 0604 0807 0781 B aaaaaaaaaaaaaaaaaaaaaaaa
0168 2044 0498 0230 0904 0667 0508 2044 0497 0802 0110 0356 0508 0576 0429 0172 0391 0599 0804 0776 B aaaaaaaaaaaaaaaaaaaaaaaa
0169 2039 0497 0230 0904 0666 0508 2039 0497 0802 0110 0355 0507 0571 0425 0171 0385 0594 0801 0772 B aaaaaaaaaaaaaaaaaaaaaaaa
0170 2034 0497 0229 0903 0665 0508 2034 0496 0802 0109 0355 0507 0566 0422 0170 0379 0589 0798 0767 B aaaaaaaaaaaaaaaaaaaaaaaa
0171 2029 0497 0229 0903 0664 0507 2029 0496 0802 0109 0354 0507 0562 0420 0169 0374 0583 0795 0762 B aaaaaaaaaaaaaaaaaaaaaaaa
0172 2024 0496 0228 0902 0663 0507 2023 0496 0802 0108 0353 0507 0557 0418 0169 0368 0577 0792 0758 B aaaaaaaaaaaaaaaaaaaaaaaa
0173 2019 0496 0228 0902 0662 0507 2018 0495 0802 0108 0353 0507 0552 0416 0168 0363 0571 0788 0753 B aaaaaaaaaaaaaaaaaaaaaaaa
0174 2013 0496 0227 0901 0661 0507 2013 0495 0802 0107 0352 0506 0548 0415 0168 0358 0565 0785 0749 B aaaaaaaaaaaaaaaaaaaaaaaa
0175 2008 0496 0226 0901 0660 0507 2007 0495 0802 0107 0352 0506 0544 0414 0168 0353 0559 0782 0745 B aaaaaaaaaaaaaaaaaaaaaaaa
0176 2003 0496 0225 0901 0659 0507 2002 0495 0802 0107 0351 0506 0540 0414 0168 0348 0553 0778 0740 B aaaaaaaaaaaaaaaaaaaaaaaa
0177 1997 0496 0225 0900 0658 0507 1996 0495 0802 0106 0350 0506 0537 0413 0168 0343 0546 0775 0736 B aaaaaaaaaaaaaaaaaaaaaaaa
0178 1992 0496 0224 0900 0657 0508 1991 0495 0802 0106 0350 0506 0534 0414 0168 0339 0540 0771 0732 B aaaaaaaaaaaaaaaaaaaaaaaa
0179 1986 0497 0223 0900 0656 0508 1985 0496 0801 0106 0349 0507 0531 0415 0168 0334 0533 0767 0727 B aaaaaaaaaaaaaaaaaaaaaaaa
0180 1981 0497 0222 0899 0655 0508 1980 0496 0801 0105 0349 0507 0528 0416 0169 0330 0526 0763 0723 B aaaaaaaaaaaaaaaaaaaaaaaa
0181 1975 0498 0221 0899 0654 0508 1974 0496 0801 0105 0348 0507 0526 0417 0169 0326 0519 0759 0719 B aaaaaaaaaaaaaaaaaaaaaaaa
0182 1969 0499 0220 0899 0653 0509 1968 0497 0801 0105 0347 0507 0524 0419 0170 0321 0513 0755 0715 B aaaaaaaaaaaaaaaaaaaaaaaa
0183 1964 0499 0219 0899 0652 0509 1962 0498 0800 0104 0347 0507 0523 0421 0171 0317 0506 0751 0711 B aaaaaaaaaaaaaaaaaaaaaaaa
0184 1958 0500 0218 0898 0651 0510 1956 0498 0800 0104 0346 0508 0521 0424 0172 0313 0499 0746 0707 B aaaaaaaaaaaaaaaaaaaaaaaa
0185 1952 0501 0217 0898 0650 0510 1950 0499 0800 0104 0345 0508 0520 0427 0173 0309 0492 0742 0703 B aaaaaaaaaaaaaaaaaaaaaaaa
0186 1946 0503 0216 0898 0649 0511 1944 0500 0799 0104 0345 0508 0520 0430 0175 0305 0485 0737 0699 B aaaaaaaaaaaaaaaaaaaaaaaa
0187 1940 0504 0215 0898 0647 0511 1938 0501 0799 0103 0344 0509 0519 0433 0176 0301 0477 0732 0695 B aaaaaaaaaaaaaaaaaaaaaaaa
0188 1934 0505 0214 0898 0646 0512 1932 0502 0798 0103 0343 0509 0520 0436 0178 0298 0470 0727 0692 B aaaaaaaaaaaaaaaaaaaaaaaa
0189 1928 0507 0213 0898 0645 0513 1926 0504 0798 0103 0342 0510 0520 0439 0181 0294 0463 0722 0688 B aaaaaaaaaaaaaaaaaaaaaaaa
0190 1922 0508 0212 0897 0644 0514 1919 0505 0797 0103 0341 0510 0521 0443 0183 0290 0456 0716 0684 B aaaaaaaaaaaaaaaaaaaaaaaa
0191 1916 0510 0211 0897 0643 0514 1913 0506 0796 0103 0341 0511 0522 0447 0186 0286 0448 0710 0680 B aaaaaaaaaaaaaaaaaaaaaaaa
0192 1910 0512 0210 0897 0642 0515 1907 0508 0795 0103 0340 0511 0523 0450 0189 0282 0441 0704 0677 B aaaaaaaaaaaaaaaaaaaaaaaa
0193 1903 0514 0209 0897 0641 0516 1900 0510 0794 0102 0339 0512 0525 0454 0192 0278 0433 0698 0673 B aaaaaaaaaaaaaaaaaaaaaaaa
0194 1897 0516 0208 0897 0640 0517 1893 0511 0793 0102 0338 0513 0527 0457 0196 0274 0425 0691 0669 B aaaaaaaaaaaaaaaaaaaaaaaa
0195 1897 0516 0208 0897 0640 0517 1893 0511 0793 0102 0338 0513 0527 0457 0196 0274 0425 0691 0669 B aaaaaaaaaaaaaaaaaaaaaaaa
0196 1905 0514 0210 0897 0641 0516 1901 0510 0794 0103 0339 0512 0525 0458 0193 0280 0434 0700 0674 B aaaaaaaaaaaaaaaaaaaaaaaa
0197 1912 0512 0211 0897 0643 0515 1909 0508 0795 0103 0340 0512 0522 0460 0190 0286 0442 0708 0679 B aaaaaaaaaaaaaaaaaaaaaaaa
0198 1920 0510 0213 0897 0644 0515 1917 0507 0795 0104 0340 0511 0520 0461 0187 0292 0451 0716 0684 B aaaaaaaaaaaaaaaaaaaaaaaa
0199 1927 0509 0214 0897 0646 0514 1925 0506 0795 0104 0341 0511 0519 0462 0185 0298 0458 0723 0689 B aaaaaaaaaaaaaaaaaaaaaaaa
0200 1934 0507 0216 0897 0647 0513 1932 0505 0795 0105 0342 0511 0517 0464 0183 0304 0466 0730 0694 B aaaaaaaaaaaaaaaaaaaaaaaa
0201 1941 0506 0217 0897 0649 0513 1939 0504 0796 0105 0342 0510 0516 0465 0181 0311 0473 0737 0699 B aaaaaaaaaaaaaaaaaaaaaaaa
0202 1947 0505 0219 0897 0650 0512 1946 0503 0796 0105 0343 0510 0515 0467 0179 0317 0480 0744 0704 B aaaaaaaaaaaaaaaaaaaaaaaa
0203 1954 0504 0220 0897 0652 0512 1953 0502 0796 0106 0344 0510 0514 0468 0178 0323 0487 0751 0708 B aaaaaaaaaaaaaaaaaaaaaaaa
0204 1961 0503 0222 0897 0653 0511 1959 0501 0796 0106 0344 0509 0514 0470 0176 0329 0493 0757 0713 B aaaaaaaaaaaaaaaaaaaaaaaa
0205 1967 0502 0223 0897 0654 0511 1966 0500 0796 0107 0345 0509 0513 0472 0175 0335 0499 0763 0717 B aaaaaaaaaaaaaaaaaaaaaaaa
0206 1973 0501 0225 0897 0656 0510 1972 0499 0796 0107 0345 0509 0513 0474 0173 0342 0505 0769 0722 B aaaaaaaaaaaaaaaaaaaaaaaa
0207 1979 0500 0226 0897 0657 0510 1978 0499 0796 0108 0346 0509 0513 0476 0172 0348 0511 0775 0727 B aaaaaaaaaaaaaaaaaaaaaaaa
0208 1985 0499 0227 0897 0658 0510 1984 0498 0796 0108 0346 0509 0513 0479 0171 0355 0516 0781 0731 B aaaaaaaaaaaaaaaaaaaaaaaa
0209 1991 0499 0229 0897 0660 0510 1990 0498 0796 0109 0347 0509 0513 0481 0170 0361 0522 0786 0735 B aaaaaaaaaaaaaaaaaaaaaaaa
0210 1997 0498 0230 0897 0661 0509 1996 0497 0796 0109 0347 0508 0513 0484 0169 0368 0526 0792 0740 B aaaaaaaaaaaaaaaaaaaaaaaa
0211 2002 0498 0231 0897 0662 0509 2002 0497 0795 0109 0348 0508 0514 0487 0168 0375 0531 0797 0744 B aaaaaaaaaaaaaaaaaaaaaaaa
0212 2008 0497 0232 0898 0663 0509 2007 0496 0795 0110 0348 0508 0514 0489 0167 0381 0535 0802 0749 B aaaaaaaaaaaaaaaaaaaaaaaa
0213 2013 0497 0234 0898 0664 0509 2013 0496 0795 0110 0348 0508 0515 0493 0166 0388 0538 0806 0753 B aaaaaaaaaaaaaaaaaaaaaaaa
0214 2019 0497 0235 0898 0665 0509 2018 0496 0795 0111 0349 0508 0516 0496 0165 0395 0542 0811 0757 B aaaaaaaaaaaaaaaaaaaaaaaa
0215 2024 0496 0236 0898 0666 0509 2023 0496 0795 0111 0349 0508 0516 0499 0165 0402 0544 0815 0761 B aaaaaaaaaaaaaaaaaaaaaaaa
0216 2029 0496 0237 0898 0667 0509 2028 0495 0795 0112 0350 0508 0517 0503 0164 0408 0547 0819 0765 B aaaaaaaaaaaaaaaaaaaaaaaa
0217 2034 0496 0238 0898 0668 0509 2033 0495 0795 0112 0350 0508 0518 0507 0164 0415 0549 0823 0770 B aaaaaaaaaaaaaaaaaaaaaaaa
0218 2039 0496 0239 0898 0669 0509 2038 0495 0795 0112 0351 0508 0519 0511 0164 0421 0550 0826 0774 B aaaaaaaaaaaaaaaaaaaaaaaa
0219 2043 0495 0240 0898 0670 0509 2043 0495 0795 0113 0351 0508 0520 0515 0163 0428 0551 0830 0778 B aaaaaaaaaaaaaaaaaaaaaaaa
0220 2048 0495 0241 0898 0671 0509 2047 0495 0795 0113 0351 0508 0521 0519 0163 0434 0551 0832 0782 B aaaaaaaaaaaaaaaaaaaaaaaa
0221 2052 0495 0242 0898 0672 0509 2052 0494 0795 0113 0352 0508 0522 0523 0163 0440 0550 0835 0785 B aaaaaaaaaaaaaaaaaaaaaaaa
0222 2057 0495 0243 0898 0673 0509 2056 0494 0795 0114 0352 0508 0523 0528 0163 0446 0550 0837 0789 B aaaaaaaaaaaaaaaaaaaaaaaa
0223 2061 0494 0243 0898 0674 0508 2061 0494 0795 0114 0353 0508 0524 0532 0164 0451 0548 0839 0793 B aaaaaaaaaaaaaaaaaaaaaaaa
0224 2065 0494 0244 0898 0675 0508 2065 0493 0795 0114 0353 0508 0525 0537 0164 0457 0546 0841 0797 B aaaaaaaaaaaaaaaaaaaaaaaa
0225 2065 0494 0244 0898 0674 0508 2065 0493 0795 0114 0353 0508 0525 0537 0164 0456 0546 0841 0797 B aaaaaaaaaaaaaaaaaaaaaaaa
0226 2065 0494 0244 0898 0675 0508 2065 0493 0794 0115 0353 0508 0523 0540 0165 0458 0542 0842 0797 B aaaaaaaaaaaaaaaaaaaaaaaa
0227 2065 0494 0245 0898 0675 0508 2065 0493 0794 0115 0353 0508 0520 0544 0166 0460 0538 0842 0797 B aaaaaaaaaaaaaaaaaaaaaaaa
0228 2065 0494 0245 0898 0675 0508 2064 0493 0794 0115 0352 0508 0518 0547 0167 0462 0534 0843 0797 B aaaaaaaaaaaaaaaaaaaaaaaa
0229 2065 0494 0245 0898 0675 0508 2064 0493 0793 0115 0352 0507 0516 0551 0168 0464 0530 0843 0797 B aaaaaaaaaaaaaaaaaaaaaaaa
0230 2065 0494 0246 0898 0676 0508 2064 0493 0793 0115 0352 0507 0513 0554 0169 0465 0526 0844 0797 B aaaaaaaaaaaaaaaaaaaaaaaa
0231 2065 0494 0246 0898 0676 0508 2064 0493 0793 0115 0351 0507 0511 0558 0170 0467 0522 0844 0797 B aaaaaaaaaaaaaaaaaaaaaaaa
0232 2065 0494 0246 0898 0676 0508 2064 0493 0793 0115 0351 0507 0508 0561 0171 0469 0518 0844 0797 B aaaaaaaaaaaaaaaaaaaaaaaa
0233 2065 0494 0247 0898 0676 0508 2064 0493 0792 0115 0351 0507 0506 0564 0172 0470 0514 0844 0797 B aaaaaaaaaaaaaaaaaaaaaaaa
0234 2065 0493 0247 0898 0677 0508 2064 0493 0792 0115 0351 0507 0504 0568 0174 0472 0510 0844 0797 B aaaaaaaaaaaaaaaaaaaaaaaa
0235 2065 0493 0247 0898 0677 0508 2064 0493 0792 0115 0350 0507 0501 0571 0175 0473 0506 0844 0797 B aaaaaaaaaaaaaaaaaaaaaaaa
0236 2065 0493 0248 0898 0677 0508 2064 0492 0792 0114 0350 0507 0499 0574 0177 0475 0503 0843 0797 B aaaaaaaaaaaaaaaaaaaaaaaa
0237 2065 0493 0248 0897 0677 0508 2064 0492 0791 0114 0350 0507 0497 0577 0179 0477 0499 0843 0797 B aaaaaaaaaaaaaaaaaaaaaaaa
0238 2065 0493 0248 0897 0678 0508 2064 0492 0791 0114 0350 0507 0494 0580 0180 0478 0495 0842 0797 B aaaaaaaaaaaaaaaaaaaaaaaa
0239 2065 0493 0248 0897 0678 0508 2064 0492 0791 0114 0349 0507 0492 0583 0182 0479 0491 0842 0797 B aaaaaaaaaaaaaaaaaaaaaaaa
0240 2065 0493 0249 0897 0678 0508 2064 0492 0791 0114 0349 0507 0490 0586 0184 0481 0487 0841 0798 B aaaaaaaaaaaaaaaaaaaaaaaa
0241 2065 0493 0249 0897 0678 0508 2064 0492 0791 0114 0349 0507 0487 0589 0186 0482 0484 0840 0798 B aaaaaaaaaaaaaaaaaaaaaaaa
0242 2065 0492 0249 0897 0679 0508 2065 0492 0791 0114 0349 0507 0485 0592 0188 0484 0480 0839 0798 B aaaaaaaaaaaaaaaaaaaaaaaa
0243 2065 0492 0249 0898 0679 0508 2065 0492 0790 0114 0348 0507 0483 0595 0191 0485 0477 0838 0798 B aaaaaaaaaaaaaaaaaaaaaaaa
0244 2065 0492 0249 0898 0679 0507 2065 0491 0790 0114 0348 0507 0481 0597 0193 0486 0473 0836 0798 B aaaaaaaaaaaaaaaaaaaaaaaa
0245 2065 0492 0250 0898 0679 0507 2065 0491 0790 0114 0348 0507 0479 0600 0195 0487 0470 0835 0799 B aaaaaaaaaaaaaaaaaaaaaaaa
0246 2066 0492 0250 0898 0679 0507 2065 0491 0790 0114 0348 0506 0477 0602 0198 0489 0466 0833 0799 B aaaaaaaaaaaaaaaaaaaaaaaa
0247 2066 0492 0250 0898 0680 0507 2065 0491 0790 0114 0348 0506 0475 0605 0200 0490 0463 0832 0799 B aaaaaaaaaaaaaaaaaaaaaaaa
0248 2066 0492 0250 0898 0680 0507 2065 0491 0790 0114 0347 0506 0473 0607 0203 0491 0460 0830 0799 B aaaaaaaaaaaaaaaaaaaaaaaa
0249 2066 0492 0250 0898 0680 0507 2065 0491 0790 0114 0347 0506 0473 0607 0203 0491 0460 0830 0799 B aaaaaaaaaaaaaaaaaaaaaaaa
0250 2066 0492 0251 0896 0679 0507 2065 0491 0788 0116 0348 0506 0473 0607 0203 0491 0460 0830 0799 B aaaaaaaaaaaaaaaaaaaaaaaa
0251 2065 0492 0253 0894 0678 0507 2065 0492 0787 0118 0349 0507 0473 0607 0203 0492 0459 0829 0799 B aaaaaaaaaaaaaaaaaaaaaaaa
0252 2065 0493 0254 0892 0678 0507 2065 0492 0786 0120 0350 0507 0474 0606 0204 0492 0459 0829 0799 B aaaaaaaaaaaaaaaaaaaaaaaa
0253 2065 0493 0255 0890 0677 0507 2064 0492 0784 0122 0350 0507 0474 0606 0204 0492 0459 0828 0799 B aaaaaaaaaaaaaaaaaaaaaaaa
0254 2065 0493 0256 0888 0676 0508 2064 0492 0783 0124 0351 0507 0474 0606 0204 0493 0459 0828 0799 B aaaaaaaaaaaaaaaaaaaaaaaa
0255 2065 0493 0257 0886 0675 0508 2064 0492 0781 0127 0352 0507 0474 0605 0205 0493 0459 0827 0798 B aaaaaaaaaaaaaaaaaaaaaaaa
0256 2065 0493 0259 0884 0674 0508 2064 0493 0780 0129 0353 0507 0475 0605 0205 0493 0459 0827 0798 B aaaaaaaaaaaaaaaaaaaaaaaa
0257 2064 0494 0260 0882 0674 0508 2064 0493 0779 0131 0353 0507 0475 0605 0206 0494 0459 0826 0798 B aaaaaaaaaaaaaaaaaaaaaaaa
0258 2064 0494 0261 0880 0673 0508 2064 0493 0777 0133 0354 0507 0475 0604 0206 0494 0459 0826 0798 B aaaaaaaaaaaaaaaaaaaaaaaa
0259 2064 0494 0262 0878 0672 0508 2064 0493 0776 0135 0355 0507 0475 0604 0206 0494 0459 0825 0798 B aaaaaaaaaaaaaaaaaaaaaaaa
0260 2064 0494 0264 0876 0671 0508 2063 0494 0774 0137 0356 0507 0475 0604 0207 0495 0458 0825 0798 B aaaaaaaaaaaaaaaaaaaaaaaa
0261 2064 0495 0265 0874 0670 0508 2063 0494 0773 0139 0356 0507 0476 0603 0207 0495 0458 0825 0798 B aaaaaaaaaaaaaaaaaaaaaaaa
0262 2064 0495 0266 0872 0670 0508 2063 0494 0772 0141 0357 0507 0476 0603 0207 0496 0458 0824 0798 B aaaaaaaaaaaaaaaaaaaaaaaa
0263 2064 0495 0267 0869 0669 0508 2063 0494 0770 0144 0358 0507 0476 0603 0208 0496 0458 0824 0797 B aaaaaaaaaaaaaaaaaaaaaaaa
0264 2063 0495 0268 0867 0668 0508 2063 0494 0769 0146 0359 0507 0476 0602 0208 0496 0458 0823 0797 B aaaaaaaaaaaaaaaaaaaaaaaa
0265 2063 0495 0270 0865 0667 0508 2063 0495 0768 0148 0359 0507 0477 0602 0208 0497 0458 0823 0797 B aaaaaaaaaaaaaaaaaaaaaaaa
0266 2063 0496 0271 0863 0666 0508 2063 0495 0766 0150 0360 0507 0477 0602 0209 0497 0458 0822 0797 B aaaaaaaaaaaaaaaaaaaaaaaa
0267 2063 0496 0272 0861 0666 0508 2063 0495 0765 0152 0361 0508 0477 0602 0209 0497 0458 0822 0797 B aaaaaaaaaaaaaaaaaaaaaaaa
0268 2063 0496 0273 0859 0665 0508 2062 0495 0763 0154 0362 0508 0477 0601 0209 0498 0458 0821 0797 B aaaaaaaaaaaaaaaaaaaaaaaa
0269 2063 0496 0275 0857 0664 0508 2062 0496 0762 0156 0362 0508 0477 0601 0210 0498 0457 0821 0797 B aaaaaaaaaaaaaaaaaaaaaaaa
0270 2063 0496 0276 0855 0663 0508 2062 0496 0761 0159 0363 0508 0478 0601 0210 0498 0457 0820 0796 B aaaaaaaaaaaaaaaaaaaaaaaa
0271 2062 0497 0277 0853 0662 0508 2062 0496 0759 0161 0364 0508 0478 0600 0210 0499 0457 0820 0796 B aaaaaaaaaaaaaaaaaaaaaaaa
0272 2062 0497 0278 0851 0662 0509 2062 0496 0758 0163 0365 0508 0478 0600 0211 0499 0457 0819 0796 B aaaaaaaaaaaaaaaaaaaaaaaa
0273 2062 0497 0279 0849 0661 0509 2062 0497 0757 0165 0365 0508 0478 0600 0211 0500 0457 0819 0796 B aaaaaaaaaaaaaaaaaaaaaaaa
0274 2062 0497 0281 0847 0660 0509 2062 0497 0755 0167 0366 0508 0478 0599 0211 0500 0457 0818 0796 B aaaaaaaaaaaaaaaaaaaaaaaa
0275 2062 0498 0282 0845 0659 0509 2061 0497 0754 0169 0367 0508 0479 0599 0212 0500 0457 0818 0796 B aaaaaaaaaaaaaaaaaaaaaaaa
0276 2062 0498 0283 0843 0658 0509 2061 0497 0752 0171 0368 0508 0479 0599 0212 0501 0457 0818 0796 B aaaaaaaaaaaaaaaaaaaaaaaa
0277 2062 0498 0284 0841 0658 0509 2061 0497 0751 0173 0368 0508 0479 0598 0212 0501 0457 0817 0796 B aaaaaaaaaaaaaaaaaaaaaaaa
0278 2061 0498 0286 0839 0657 0509 2061 0498 0750 0176 0369 0508 0479 0598 0213 0501 0456 0817 0795 B aaaaaaaaaaaaaaaaaaaaaaaa
0279 2061 0498 0287 0837 0656 0509 2061 0498 0748 0178 0370 0508 0480 0598 0213 0502 0456 0816 0795 B aaaaaaaaaaaaaaaaaaaaaaaa
0280 2061 0499 0288 0835 0655 0509 2061 0498 0747 0180 0371 0508 0480 0597 0213 0502 0456 0816 0795 B aaaaaaaaaaaaaaaaaaaaaaaa
0281 2061 0499 0289 0833 0654 0509 2061 0498 0746 0182 0371 0508 0480 0597 0214 0502 0456 0815 0795 B aaaaaaaaaaaaaaaaaaaaaaaa
0282 2061 0499 0290 0831 0654 0509 2060 0499 0744 0184 0372 0509 0480 0597 0214 0503 0456 0815 0795 B aaaaaaaaaaaaaaaaaaaaaaaa
0283 2061 0499 0292 0829 0653 0509 2060 0499 0743 0186 0373 0509 0480 0597 0214 0503 0456 0814 0795 B aaaaaaaaaaaaaaaaaaaaaaaa
0284 2061 0499 0293 0827 0652 0509 2060 0499 0741 0188 0374 0509 0481 0596 0215 0503 0456 0814 0795 B aaaaaaaaaaaaaaaaaaaaaaaa
0285 2060 0500 0294 0825 0651 0509 2060 0499 0740 0191 0374 0509 0481 0596 0215 0504 0456 0813 0794 B aaaaaaaaaaaaaaaaaaaaaaaa
0286 2060 0500 0295 0823 0651 0509 2060 0499 0739 0193 0375 0509 0481 0596 0216 0504 0455 0813 0794 B aaaaaaaaaaaaaaaaaaaaaaaa
0287 2060 0500 0296 0821 0650 0509 2060 0500 0737 0195 0376 0509 0481 0595 0216 0505 0455 0812 0794 B aaaaaaaaaaaaaaaaaaaaaaaa
0288 2060 0500 0298 0819 0649 0509 2060 0500 0736 0197 0377 0509 0482 0595 0216 0505 0455 0812 0794 B aaaaaaaaaaaaaaaaaaaaaaaa
0289 2060 0501 0299 0817 0648 0509 2059 0500 0734 0199 0377 0509 0482 0595 0217 0505 0455 0811 0794 B aaaaaaaaaaaaaaaaaaaaaaaa
0290 2060 0501 0300 0815 0647 0509 2059 0500 0733 0201 0378 0509 0482 0594 0217 0506 0455 0811 0794 B aaaaaaaaaaaaaaaaaaaaaaaa
0291 2059 0501 0301 0813 0647 0510 2059 0501 0732 0203 0379 0509 0482 0594 0217 0506 0455 0811 0794 B aaaaaaaaaaaaaaaaaaaaaaaa
0292 2059 0501 0303 0811 0646 0510 2059 0501 0730 0205 0380 0509 0482 0594 0218 0506 0455 0810 0794 B aaaaaaaaaaaaaaaaaaaaaaaa
0293 2059 0501 0304 0809 0645 0510 2059 0501 0729 0208 0380 0509 0483 0593 0218 0507 0455 0810 0793 B aaaaaaaaaaaaaaaaaaaaaaaa
0294 2059 0502 0305 0807 0644 0510 2059 0501 0728 0210 0381 0509 0483 0593 0218 0507 0455 0809 0793 B aaaaaaaaaaaaaaaaaaaaaaaa
0295 2059 0502 0306 0805 0643 0510 2059 0501 0726 0212 0382 0509 0483 0593 0219 0507 0454 0809 0793 B aaaaaaaaaaaaaaaaaaaaaaaa
0296 2059 0502 0307 0803 0643 0510 2058 0502 0725 0214 0383 0509 0483 0593 0219 0508 0454 0808 0793 B aaaaaaaaaaaaaaaaaaaaaaaa
0297 2059 0502 0309 0801 0642 0510 2058 0502 0723 0216 0383 0509 0484 0592 0219 0508 0454 0808 0793 B aaaaaaaaaaaaaaaaaaaaaaaa
0298 2058 0502 0310 0799 0641 0510 2058 0502 0722 0218 0384 0510 0484 0592 0220 0509 0454 0807 0793 B aaaaaaaaaaaaaaaaaaaaaaaa
0299 2058 0503 0311 0797 0640 0510 2058 0502 0721 0220 0385 0510 0484 0592 0220 0509 0454 0807 0793 B aaaaaaaaaaaaaaaaaaaaaaaa
0300 2058 0503 0312 0795 0639 0510 2058 0503 0719 0223 0386 0510 0484 0591 0220 0509 0454 0806 0793 B aaaaaaaaaaaaaaaaaaaaaaaa
0301 2058 0503 0314 0793 0639 0510 2058 0503 0718 0225 0386 0510 0484 0591 0221 0510 0454 0806 0792 B aaaaaaaaaaaaaaaaaaaaaaaa
0302 2058 0503 0315 0791 0638 0510 2058 0503 0717 0227 0387 0510 0485 0591 0221 0510 0454 0805 0792 B aaaaaaaaaaaaaaaaaaaaaaaa
0303 2058 0504 0316 0789 0637 0510 2058 0503 0715 0229 0388 0510 0485 0590 0221 0510 0454 0805 0792 B aaaaaaaaaaaaaaaaaaaaaaaa
0304 2058 0504 0317 0787 0636 0510 2057 0503 0714 0231 0389 0510 0485 0590 0222 0511 0453 0804 0792 B aaaaaaaaaaaaaaaaaaaaaaaa
0305 2057 0504 0318 0785 0635 0510 2057 0504 0712 0233 0389 0510 0485 0590 0222 0511 0453 0804 0792 B aaaaaaaaaaaaaaaaaaaaaaaa
0306 2057 0504 0320 0783 0635 0510 2057 0504 0711 0235 0390 0510 0485 0589 0222 0511 0453 0804 0792 B aaaaaaaaaaaaaaaaaaaaaaaa
0307 2057 0504 0321 0781 0634 0510 2057 0504 0710 0237 0391 0510 0486 0589 0223 0512 0453 0803 0792 B aaaaaaaaaaaaaaaaaaaaaaaa
0308 2057 0505 0322 0779 0633 0510 2057 0504 0708 0240 0392 0510 0486 0589 0223 0512 0453 0803 0791 B aaaaaaaaaaaaaaaaaaaaaaaa
0309 2057 0505 0323 0777 0632 0510 2057 0505 0707 0242 0392 0510 0486 0588 0223 0513 0453 0802 0791 B aaaaaaaaaaaaaaaaaaaaaaaa
0310 2057 0505 0324 0775 0631 0511 2057 0505 0705 0244 0393 0510 0486 0588 0224 0513 0453 0802 0791 B aaaaaaaaaaaaaaaaaaaaaaaa
0311 2057 0505 0326 0773 0631 0511 2056 0505 0704 0246 0394 0510 0487 0588 0224 0513 0453 0801 0791 B aaaaaaaaaaaaaaaaaaaaaaaa
0312 2056 0505 0327 0771 0630 0511 2056 0505 0703 0248 0395 0510 0487 0588 0224 0514 0453 0801 0791 B aaaaaaaaaaaaaaaaaaaaaaaa
0313 2056 0506 0328 0769 0629 0511 2056 0505 0701 0250 0395 0511 0487 0587 0225 0514 0452 0800 0791 B aaaaaaaaaaaaaaaaaaaaaaaa
0314 2056 0506 0329 0767 0628 0511 2056 0506 0700 0252 0396 0511 0487 0587 0225 0514 0452 0800 0791 B aaaaaaaaaaaaaaaaaaaaaaaa
0315 2056 0506 0331 0765 0627 0511 2056 0506 0699 0255 0397 0511 0487 0587 0226 0515 0452 0799 0791 B aaaaaaaaaaaaaaaaaaaaaaaa
0316 2056 0506 0332 0763 0627 0511 2056 0506 0697 0257 0398 0511 0488 0586 0226 0515 0452 0799 0790 B aaaaaaaaaaaaaaaaaaaaaaaa
0317 2056 0507 0333 0761 0626 0511 2056 0506 0696 0259 0398 0511 0488 0586 0226 0515 0452 0798 0790 B aaaaaaaaaaaaaaaaaaaaaaaa
0318 2056 0507 0334 0759 0625 0511 2055 0507 0694 0261 0399 0511 0488 0586 0227 0516 0452 0798 0790 B aaaaaaaaaaaaaaaaaaaaaaaa
0319 2055 0507 0335 0757 0624 0511 2055 0507 0693 0263 0400 0511 0488 0585 0227 0516 0452 0797 0790 B aaaaaaaaaaaaaaaaaaaaaaaa
0320 2055 0507 0337 0755 0624 0511 2055 0507 0692 0265 0401 0511 0489 0585 0227 0517 0452 0797 0790 B aaaaaaaaaaaaaaaaaaaaaaaa
0321 2055 0507 0338 0753 0623 0511 2055 0507 0690 0267 0401 0511 0489 0585 0228 0517 0452 0797 0790 B aaaaaaaaaaaaaaaaaaaaaaaa
0322 2055 0508 0339 0751 0622 0511 2055 0507 0689 0269 0402 0511 0489 0584 0228 0517 0451 0796 0790 B aaaaaaaaaaaaaaaaaaaaaaaa
0323 2055 0508 0340 0748 0621 0511 2055 0508 0688 0272 0403 0511 0489 0584 0228 0518 0451 0796 0790 B aaaaaaaaaaaaaaaaaaaaaaaa
0324 2055 0508 0342 0746 0620 0511 2055 0508 0686 0274 0404 0511 0489 0584 0229 0518 0451 0795 0789 B aaaaaaaaaaaaaaaaaaaaaaaa
0325 2055 0508 0343 0744 0620 0511 2054 0508 0685 0276 0404 0511 0490 0583 0229 0518 0451 0795 0789 B aaaaaaaaaaaaaaaaaaaaaaaa
0326 2054 0508 0344 0742 0619 0511 2054 0508 0683 0278 0405 0511 0490 0583 0229 0519 0451 0794 0789 B aaaaaaaaaaaaaaaaaaaaaaaa
0327 2054 0509 0345 0740 0618 0511 2054 0509 0682 0280 0406 0511 0490 0583 0230 0519 0451 0794 0789 B aaaaaaaaaaaaaaaaaaaaaaaa
0328 2054 0509 0346 0738 0617 0512 2054 0509 0681 0282 0407 0511 0490 0583 0230 0519 0451 0793 0789 B aaaaaaaaaaaaaaaaaaaaaaaa
